alpha=0.500000
beta=0.100000
ntopics=70
ndocs=15145
nwords=10010
liter=200
