0.146444 0.020921 0.179916 0.179916 0.012552 0.012552 0.004184 0.004184 0.138075 0.004184 0.012552 0.012552 0.004184 0.112971 0.154812 
0.013575 0.158371 0.167421 0.122172 0.004525 0.022624 0.067873 0.004525 0.113122 0.013575 0.058824 0.004525 0.058824 0.031674 0.158371 
0.013100 0.353712 0.205240 0.126638 0.013100 0.030568 0.048035 0.004367 0.004367 0.117904 0.030568 0.004367 0.013100 0.004367 0.030568 
0.005076 0.126904 0.005076 0.106599 0.005076 0.005076 0.015228 0.086294 0.065990 0.005076 0.015228 0.045685 0.126904 0.015228 0.370558 
0.054945 0.347985 0.054945 0.142857 0.003663 0.054945 0.003663 0.010989 0.032967 0.003663 0.084249 0.025641 0.003663 0.010989 0.164835 
0.023697 0.175355 0.033175 0.004739 0.099526 0.165877 0.004739 0.004739 0.052133 0.004739 0.004739 0.004739 0.014218 0.023697 0.383886 
0.046025 0.288703 0.380753 0.029289 0.004184 0.020921 0.004184 0.004184 0.004184 0.004184 0.029289 0.020921 0.004184 0.138075 0.020921 
0.015228 0.279188 0.005076 0.005076 0.035533 0.005076 0.015228 0.005076 0.065990 0.005076 0.147208 0.035533 0.035533 0.005076 0.340102 
0.062762 0.364017 0.037657 0.112971 0.029289 0.020921 0.004184 0.004184 0.004184 0.020921 0.188285 0.062762 0.012552 0.004184 0.071130 
0.006536 0.385621 0.019608 0.006536 0.006536 0.006536 0.084967 0.006536 0.019608 0.006536 0.019608 0.019608 0.176471 0.084967 0.150327 
0.028807 0.201646 0.316872 0.020576 0.004115 0.004115 0.004115 0.152263 0.020576 0.069959 0.069959 0.004115 0.028807 0.012346 0.061728 
0.029289 0.146444 0.154812 0.196653 0.004184 0.062762 0.004184 0.054393 0.004184 0.046025 0.004184 0.020921 0.087866 0.012552 0.171548 
0.095477 0.005025 0.005025 0.206030 0.015075 0.206030 0.005025 0.045226 0.015075 0.035176 0.055276 0.045226 0.135678 0.045226 0.085427 
0.004651 0.395349 0.106977 0.162791 0.079070 0.032558 0.004651 0.013953 0.013953 0.004651 0.004651 0.051163 0.060465 0.032558 0.032558 
0.031142 0.287197 0.003460 0.121107 0.024221 0.003460 0.121107 0.003460 0.003460 0.031142 0.100346 0.003460 0.044983 0.134948 0.086505 
0.004608 0.308756 0.013825 0.115207 0.013825 0.069124 0.004608 0.023041 0.023041 0.013825 0.216590 0.032258 0.004608 0.096774 0.059908 
0.242291 0.048458 0.127753 0.030837 0.004405 0.013216 0.013216 0.013216 0.022026 0.022026 0.057269 0.022026 0.048458 0.022026 0.312775 
0.003663 0.208791 0.194139 0.076923 0.025641 0.098901 0.062271 0.003663 0.003663 0.025641 0.003663 0.018315 0.010989 0.010989 0.252747 
0.011152 0.033457 0.003717 0.107807 0.003717 0.107807 0.040892 0.040892 0.055762 0.040892 0.011152 0.018587 0.003717 0.018587 0.501859 
0.042802 0.066148 0.058366 0.260700 0.042802 0.003891 0.003891 0.019455 0.159533 0.011673 0.003891 0.035019 0.089494 0.003891 0.198444 
0.006623 0.456954 0.019868 0.006623 0.019868 0.019868 0.046358 0.006623 0.086093 0.006623 0.019868 0.006623 0.006623 0.125828 0.165563 
0.091787 0.217391 0.033816 0.130435 0.043478 0.033816 0.024155 0.004831 0.033816 0.053140 0.014493 0.101449 0.014493 0.024155 0.178744 
0.004405 0.118943 0.101322 0.154185 0.013216 0.101322 0.022026 0.118943 0.004405 0.048458 0.013216 0.013216 0.136564 0.048458 0.101322 
0.006135 0.386503 0.006135 0.141104 0.030675 0.042945 0.116564 0.042945 0.042945 0.055215 0.006135 0.006135 0.006135 0.104294 0.006135 
0.005405 0.232432 0.027027 0.027027 0.005405 0.081081 0.113514 0.048649 0.005405 0.200000 0.081081 0.016216 0.027027 0.005405 0.124324 
0.005076 0.319797 0.116751 0.015228 0.025381 0.035533 0.005076 0.025381 0.137056 0.005076 0.076142 0.005076 0.045685 0.005076 0.177665 
0.004115 0.144033 0.267490 0.201646 0.020576 0.004115 0.004115 0.004115 0.012346 0.086420 0.004115 0.020576 0.053498 0.111111 0.061728 
0.101887 0.252830 0.003774 0.064151 0.003774 0.011321 0.003774 0.041509 0.026415 0.147170 0.018868 0.147170 0.033962 0.018868 0.124528 
0.007792 0.303896 0.277922 0.168831 0.002597 0.002597 0.002597 0.002597 0.002597 0.012987 0.044156 0.007792 0.002597 0.007792 0.153247 
0.003802 0.019011 0.034221 0.269962 0.087452 0.079848 0.011407 0.178707 0.003802 0.019011 0.003802 0.019011 0.102662 0.163498 0.003802 
0.005714 0.165714 0.005714 0.108571 0.005714 0.028571 0.005714 0.005714 0.040000 0.005714 0.005714 0.005714 0.005714 0.120000 0.485714 
0.004831 0.294686 0.004831 0.130435 0.004831 0.014493 0.024155 0.024155 0.004831 0.004831 0.014493 0.014493 0.004831 0.111111 0.342995 
0.005525 0.071823 0.027624 0.071823 0.060773 0.005525 0.038674 0.027624 0.016575 0.160221 0.237569 0.005525 0.016575 0.093923 0.160221 
0.019868 0.403974 0.006623 0.006623 0.046358 0.006623 0.006623 0.033113 0.019868 0.046358 0.046358 0.099338 0.006623 0.019868 0.231788 
0.025907 0.233161 0.077720 0.243523 0.025907 0.025907 0.036269 0.005181 0.005181 0.005181 0.098446 0.160622 0.005181 0.005181 0.046632 
0.018182 0.430303 0.006061 0.066667 0.006061 0.030303 0.066667 0.103030 0.030303 0.054545 0.006061 0.018182 0.042424 0.006061 0.115152 
0.116466 0.100402 0.004016 0.020080 0.012048 0.028112 0.012048 0.100402 0.036145 0.044177 0.084337 0.076305 0.004016 0.212851 0.148594 
0.064677 0.223881 0.044776 0.194030 0.004975 0.004975 0.004975 0.004975 0.064677 0.054726 0.044776 0.094527 0.034826 0.064677 0.094527 
0.038251 0.289617 0.016393 0.060109 0.049180 0.005464 0.027322 0.049180 0.005464 0.038251 0.005464 0.005464 0.005464 0.234973 0.169399 
0.048689 0.235955 0.205993 0.146067 0.003745 0.003745 0.003745 0.033708 0.011236 0.011236 0.011236 0.003745 0.168539 0.093633 0.018727 
0.014164 0.331445 0.002833 0.150142 0.025496 0.002833 0.002833 0.053824 0.002833 0.014164 0.025496 0.002833 0.150142 0.002833 0.218130 
0.003717 0.249071 0.137546 0.003717 0.011152 0.011152 0.018587 0.003717 0.174721 0.003717 0.003717 0.003717 0.003717 0.115242 0.256506 
0.034826 0.422886 0.034826 0.064677 0.094527 0.004975 0.004975 0.014925 0.004975 0.004975 0.014925 0.004975 0.034826 0.054726 0.203980 
0.144279 0.134328 0.243781 0.084577 0.034826 0.004975 0.004975 0.004975 0.004975 0.004975 0.014925 0.104478 0.014925 0.164179 0.034826 
0.033113 0.033113 0.006623 0.099338 0.019868 0.019868 0.152318 0.178808 0.019868 0.125828 0.006623 0.006623 0.152318 0.086093 0.059603 
0.005464 0.092896 0.103825 0.038251 0.027322 0.071038 0.005464 0.180328 0.005464 0.016393 0.049180 0.136612 0.038251 0.005464 0.224044 
0.081340 0.540670 0.004785 0.004785 0.023923 0.043062 0.023923 0.043062 0.052632 0.071770 0.023923 0.014354 0.052632 0.014354 0.004785 
0.114428 0.333333 0.004975 0.014925 0.054726 0.004975 0.004975 0.004975 0.004975 0.044776 0.094527 0.024876 0.164179 0.024876 0.104478 
0.003984 0.227092 0.003984 0.274900 0.179283 0.003984 0.003984 0.003984 0.043825 0.091633 0.027888 0.003984 0.051793 0.067729 0.011952 
0.004484 0.318386 0.004484 0.013453 0.004484 0.103139 0.013453 0.085202 0.004484 0.004484 0.139013 0.049327 0.156951 0.004484 0.094170 
0.004831 0.516908 0.004831 0.053140 0.004831 0.004831 0.004831 0.062802 0.004831 0.082126 0.004831 0.043478 0.140097 0.062802 0.004831 
0.121339 0.163180 0.012552 0.046025 0.004184 0.004184 0.004184 0.029289 0.004184 0.004184 0.104603 0.163180 0.004184 0.037657 0.297071 
0.013953 0.181395 0.004651 0.023256 0.023256 0.069767 0.032558 0.032558 0.004651 0.004651 0.162791 0.023256 0.106977 0.041860 0.274419 
0.006289 0.320755 0.006289 0.132075 0.006289 0.106918 0.031447 0.056604 0.006289 0.006289 0.094340 0.006289 0.069182 0.018868 0.132075 
0.026178 0.036649 0.026178 0.005236 0.015707 0.005236 0.099476 0.005236 0.005236 0.026178 0.005236 0.005236 0.287958 0.099476 0.350785 
0.005076 0.370558 0.025381 0.005076 0.055838 0.157360 0.106599 0.015228 0.005076 0.005076 0.025381 0.035533 0.015228 0.015228 0.157360 
0.003774 0.071698 0.041509 0.003774 0.033962 0.003774 0.290566 0.003774 0.003774 0.011321 0.056604 0.041509 0.079245 0.011321 0.343396 
0.012552 0.305439 0.154812 0.079498 0.004184 0.146444 0.037657 0.004184 0.037657 0.004184 0.188285 0.004184 0.004184 0.004184 0.012552 
0.027624 0.005525 0.016575 0.093923 0.082873 0.027624 0.038674 0.005525 0.005525 0.005525 0.027624 0.005525 0.182320 0.082873 0.392265 
0.073446 0.412429 0.016949 0.039548 0.118644 0.016949 0.005650 0.028249 0.028249 0.005650 0.016949 0.062147 0.005650 0.005650 0.163842 
0.005848 0.087719 0.005848 0.029240 0.017544 0.099415 0.099415 0.005848 0.216374 0.111111 0.076023 0.005848 0.005848 0.099415 0.134503 
0.002740 0.331507 0.019178 0.369863 0.035616 0.013699 0.008219 0.002740 0.030137 0.035616 0.002740 0.008219 0.046575 0.073973 0.019178 
0.101796 0.017964 0.041916 0.089820 0.005988 0.017964 0.005988 0.005988 0.089820 0.029940 0.125749 0.065868 0.209581 0.017964 0.173653 
0.021277 0.404255 0.234043 0.021277 0.007092 0.148936 0.035461 0.021277 0.007092 0.021277 0.021277 0.035461 0.007092 0.007092 0.007092 
0.040000 0.485714 0.005714 0.005714 0.005714 0.005714 0.005714 0.005714 0.040000 0.051429 0.005714 0.040000 0.108571 0.028571 0.165714 
0.006369 0.477707 0.006369 0.006369 0.019108 0.146497 0.006369 0.044586 0.057325 0.006369 0.044586 0.006369 0.006369 0.031847 0.133758 
0.059761 0.274900 0.011952 0.075697 0.011952 0.003984 0.147410 0.051793 0.051793 0.003984 0.203187 0.011952 0.003984 0.035857 0.051793 
0.005587 0.586592 0.005587 0.005587 0.061453 0.005587 0.005587 0.016760 0.005587 0.072626 0.005587 0.005587 0.117318 0.005587 0.094972 
0.057471 0.264368 0.065134 0.111111 0.042146 0.011494 0.003831 0.049808 0.026820 0.042146 0.042146 0.042146 0.003831 0.026820 0.210728 
0.003344 0.190635 0.130435 0.023411 0.030100 0.003344 0.030100 0.003344 0.010033 0.030100 0.270903 0.003344 0.023411 0.003344 0.244147 
0.004115 0.234568 0.086420 0.004115 0.069959 0.004115 0.020576 0.004115 0.012346 0.020576 0.259259 0.028807 0.004115 0.086420 0.160494 
0.043478 0.201581 0.162055 0.225296 0.027668 0.019763 0.114625 0.011858 0.019763 0.003953 0.011858 0.011858 0.003953 0.083004 0.059289 
0.026455 0.047619 0.089947 0.153439 0.005291 0.005291 0.005291 0.015873 0.047619 0.037037 0.037037 0.068783 0.047619 0.005291 0.407407 
0.011673 0.003891 0.027237 0.097276 0.019455 0.003891 0.112840 0.042802 0.003891 0.089494 0.206226 0.003891 0.011673 0.035019 0.330739 
0.102041 0.006803 0.006803 0.170068 0.047619 0.020408 0.020408 0.102041 0.006803 0.006803 0.074830 0.020408 0.020408 0.006803 0.387755 
0.010909 0.447273 0.141818 0.010909 0.047273 0.032727 0.061818 0.105455 0.040000 0.083636 0.003636 0.003636 0.003636 0.003636 0.003636 
0.059603 0.192053 0.112583 0.019868 0.019868 0.046358 0.006623 0.033113 0.086093 0.006623 0.072848 0.033113 0.112583 0.019868 0.178808 
0.042424 0.090909 0.078788 0.006061 0.006061 0.006061 0.006061 0.066667 0.151515 0.006061 0.103030 0.006061 0.006061 0.018182 0.406061 
0.085973 0.167421 0.022624 0.076923 0.085973 0.004525 0.013575 0.004525 0.058824 0.104072 0.013575 0.013575 0.022624 0.085973 0.239819 
0.094527 0.243781 0.074627 0.004975 0.004975 0.004975 0.014925 0.024876 0.044776 0.024876 0.024876 0.074627 0.014925 0.084577 0.263682 
0.003390 0.118644 0.240678 0.152542 0.044068 0.010169 0.016949 0.010169 0.003390 0.003390 0.105085 0.003390 0.003390 0.050847 0.233898 
0.005587 0.307263 0.072626 0.005587 0.005587 0.039106 0.083799 0.039106 0.005587 0.027933 0.016760 0.039106 0.005587 0.039106 0.307263 
0.162562 0.300493 0.014778 0.034483 0.083744 0.034483 0.014778 0.004926 0.024631 0.073892 0.014778 0.004926 0.004926 0.014778 0.211823 
0.023411 0.270903 0.083612 0.016722 0.003344 0.056856 0.003344 0.143813 0.016722 0.043478 0.143813 0.003344 0.070234 0.043478 0.076923 
0.003891 0.182879 0.042802 0.042802 0.003891 0.011673 0.011673 0.011673 0.050584 0.089494 0.089494 0.011673 0.003891 0.066148 0.377432 
0.012658 0.400844 0.004219 0.232068 0.004219 0.021097 0.046414 0.012658 0.021097 0.029536 0.021097 0.021097 0.004219 0.164557 0.004219 
0.086420 0.152263 0.053498 0.053498 0.086420 0.152263 0.069959 0.028807 0.004115 0.069959 0.004115 0.004115 0.020576 0.135802 0.078189 
0.018868 0.056604 0.031447 0.006289 0.220126 0.018868 0.006289 0.106918 0.044025 0.182390 0.132075 0.006289 0.018868 0.006289 0.144654 
0.017341 0.040462 0.098266 0.017341 0.260116 0.028902 0.086705 0.005780 0.167630 0.052023 0.144509 0.017341 0.017341 0.017341 0.028902 
0.005587 0.162011 0.005587 0.016760 0.240223 0.005587 0.027933 0.005587 0.016760 0.083799 0.262570 0.061453 0.016760 0.039106 0.050279 
0.013100 0.030568 0.039301 0.283843 0.004367 0.074236 0.004367 0.004367 0.004367 0.091703 0.056769 0.004367 0.004367 0.231441 0.152838 
0.026455 0.153439 0.026455 0.005291 0.164021 0.037037 0.068783 0.100529 0.026455 0.005291 0.100529 0.005291 0.005291 0.047619 0.227513 
0.093923 0.005525 0.038674 0.060773 0.049724 0.005525 0.005525 0.038674 0.016575 0.093923 0.005525 0.038674 0.303867 0.060773 0.182320 
0.006711 0.033557 0.275168 0.033557 0.020134 0.208054 0.006711 0.006711 0.006711 0.073826 0.114094 0.181208 0.006711 0.006711 0.020134 
0.142857 0.089947 0.121693 0.037037 0.015873 0.005291 0.269841 0.005291 0.089947 0.047619 0.111111 0.005291 0.005291 0.037037 0.015873 
0.005464 0.049180 0.038251 0.038251 0.049180 0.136612 0.005464 0.049180 0.005464 0.016393 0.049180 0.114754 0.355191 0.081967 0.005464 
0.061033 0.380282 0.154930 0.023474 0.004695 0.004695 0.004695 0.004695 0.061033 0.032864 0.136150 0.079812 0.023474 0.004695 0.023474 
0.005917 0.360947 0.065089 0.076923 0.100592 0.005917 0.029586 0.017751 0.005917 0.076923 0.076923 0.124260 0.029586 0.017751 0.005917 
0.018634 0.192547 0.006211 0.018634 0.267081 0.006211 0.006211 0.031056 0.031056 0.006211 0.006211 0.055901 0.018634 0.142857 0.192547 
0.005236 0.308901 0.204188 0.026178 0.246073 0.005236 0.005236 0.015707 0.057592 0.005236 0.057592 0.026178 0.005236 0.005236 0.026178 
0.098446 0.160622 0.015544 0.005181 0.036269 0.015544 0.005181 0.036269 0.077720 0.015544 0.170984 0.056995 0.253886 0.005181 0.046632 
0.081967 0.005464 0.147541 0.005464 0.103825 0.005464 0.202186 0.049180 0.125683 0.038251 0.060109 0.060109 0.092896 0.016393 0.005464 
0.018182 0.006061 0.006061 0.115152 0.030303 0.006061 0.175758 0.054545 0.054545 0.030303 0.260606 0.127273 0.066667 0.042424 0.006061 
0.012766 0.004255 0.029787 0.131915 0.004255 0.089362 0.038298 0.046809 0.004255 0.012766 0.455319 0.063830 0.004255 0.029787 0.072340 
0.004926 0.172414 0.034483 0.290640 0.014778 0.004926 0.073892 0.004926 0.014778 0.004926 0.024631 0.133005 0.024631 0.073892 0.123153 
0.030675 0.104294 0.018405 0.006135 0.067485 0.006135 0.141104 0.141104 0.006135 0.312883 0.006135 0.006135 0.006135 0.006135 0.141104 
0.005405 0.005405 0.016216 0.059459 0.005405 0.070270 0.048649 0.005405 0.005405 0.189189 0.329730 0.005405 0.102703 0.005405 0.145946 
0.004926 0.300493 0.014778 0.024631 0.152709 0.004926 0.024631 0.004926 0.064039 0.044335 0.192118 0.004926 0.014778 0.113300 0.034483 
0.035573 0.003953 0.304348 0.011858 0.027668 0.035573 0.043478 0.114625 0.011858 0.011858 0.011858 0.027668 0.043478 0.217391 0.098814 
0.004785 0.473684 0.004785 0.081340 0.138756 0.033493 0.023923 0.004785 0.100478 0.014354 0.062201 0.004785 0.004785 0.014354 0.033493 
0.039548 0.039548 0.016949 0.016949 0.005650 0.005650 0.005650 0.084746 0.129944 0.231638 0.197740 0.073446 0.005650 0.141243 0.005650 
0.232000 0.120000 0.024000 0.120000 0.072000 0.024000 0.008000 0.024000 0.072000 0.056000 0.040000 0.008000 0.008000 0.024000 0.168000 
0.016216 0.275676 0.005405 0.091892 0.005405 0.156757 0.027027 0.145946 0.005405 0.005405 0.027027 0.091892 0.005405 0.135135 0.005405 
0.146199 0.005848 0.005848 0.005848 0.017544 0.005848 0.052632 0.005848 0.052632 0.005848 0.005848 0.005848 0.005848 0.274854 0.403509 
0.005714 0.062857 0.097143 0.005714 0.177143 0.005714 0.028571 0.005714 0.005714 0.097143 0.291429 0.074286 0.005714 0.097143 0.040000 
0.006711 0.033557 0.006711 0.033557 0.046980 0.140940 0.127517 0.033557 0.020134 0.006711 0.369128 0.140940 0.006711 0.020134 0.006711 
0.054393 0.004184 0.246862 0.004184 0.012552 0.146444 0.062762 0.029289 0.037657 0.004184 0.129707 0.112971 0.046025 0.004184 0.104603 
0.085714 0.108571 0.017143 0.108571 0.188571 0.051429 0.028571 0.062857 0.165714 0.017143 0.040000 0.005714 0.005714 0.108571 0.005714 
0.149171 0.160221 0.005525 0.138122 0.127072 0.038674 0.027624 0.071823 0.016575 0.005525 0.016575 0.049724 0.160221 0.005525 0.027624 
0.113300 0.064039 0.004926 0.004926 0.251232 0.004926 0.251232 0.054187 0.004926 0.054187 0.054187 0.004926 0.014778 0.004926 0.113300 
0.016575 0.093923 0.027624 0.005525 0.049724 0.027624 0.005525 0.060773 0.027624 0.016575 0.005525 0.071823 0.027624 0.458564 0.104972 
0.008000 0.296000 0.008000 0.024000 0.200000 0.056000 0.024000 0.008000 0.024000 0.040000 0.056000 0.024000 0.008000 0.184000 0.040000 
0.039370 0.118110 0.023622 0.007874 0.149606 0.039370 0.007874 0.055118 0.165354 0.007874 0.007874 0.007874 0.165354 0.007874 0.196850 
0.005348 0.058824 0.048128 0.005348 0.005348 0.048128 0.165775 0.037433 0.048128 0.165775 0.336898 0.037433 0.016043 0.016043 0.005348 
0.103825 0.049180 0.027322 0.027322 0.114754 0.005464 0.071038 0.005464 0.005464 0.016393 0.147541 0.005464 0.202186 0.213115 0.005464 
0.004525 0.339367 0.004525 0.158371 0.004525 0.076923 0.004525 0.004525 0.004525 0.140271 0.004525 0.212670 0.022624 0.013575 0.004525 
0.257862 0.245283 0.044025 0.018868 0.119497 0.031447 0.006289 0.006289 0.031447 0.044025 0.081761 0.006289 0.069182 0.031447 0.006289 
0.089362 0.080851 0.004255 0.029787 0.140426 0.012766 0.114894 0.029787 0.140426 0.055319 0.038298 0.004255 0.114894 0.012766 0.131915 
0.005848 0.461988 0.029240 0.005848 0.029240 0.005848 0.052632 0.017544 0.005848 0.192982 0.029240 0.017544 0.076023 0.005848 0.064327 
0.026087 0.060870 0.043478 0.113043 0.008696 0.008696 0.043478 0.095652 0.286957 0.008696 0.026087 0.008696 0.113043 0.078261 0.078261 
0.005650 0.084746 0.028249 0.118644 0.028249 0.050847 0.186441 0.005650 0.050847 0.039548 0.016949 0.254237 0.062147 0.028249 0.039548 
0.058065 0.174194 0.058065 0.019355 0.200000 0.006452 0.083871 0.096774 0.148387 0.006452 0.006452 0.019355 0.006452 0.045161 0.070968 
0.073171 0.024390 0.008130 0.008130 0.219512 0.008130 0.056911 0.089431 0.203252 0.154472 0.008130 0.105691 0.008130 0.024390 0.008130 
0.008696 0.026087 0.008696 0.026087 0.078261 0.200000 0.060870 0.008696 0.060870 0.026087 0.008696 0.321739 0.043478 0.095652 0.026087 
0.069767 0.054264 0.069767 0.116279 0.131783 0.147287 0.007752 0.007752 0.178295 0.038760 0.007752 0.147287 0.007752 0.007752 0.007752 
0.008403 0.008403 0.042017 0.008403 0.008403 0.126050 0.008403 0.142857 0.109244 0.109244 0.008403 0.394958 0.008403 0.008403 0.008403 
0.017751 0.005917 0.041420 0.017751 0.301775 0.076923 0.005917 0.017751 0.017751 0.005917 0.065089 0.207101 0.029586 0.183432 0.005917 
0.178295 0.007752 0.023256 0.007752 0.038760 0.054264 0.178295 0.007752 0.023256 0.100775 0.147287 0.131783 0.069767 0.007752 0.023256 
0.008000 0.104000 0.008000 0.008000 0.120000 0.024000 0.024000 0.040000 0.216000 0.040000 0.040000 0.296000 0.056000 0.008000 0.008000 
0.025381 0.015228 0.025381 0.167513 0.015228 0.035533 0.147208 0.157360 0.076142 0.116751 0.015228 0.157360 0.015228 0.025381 0.005076 
0.008130 0.008130 0.008130 0.008130 0.024390 0.008130 0.203252 0.008130 0.170732 0.008130 0.073171 0.414634 0.008130 0.024390 0.024390 
0.036649 0.005236 0.026178 0.036649 0.141361 0.005236 0.015707 0.005236 0.141361 0.099476 0.005236 0.109948 0.225131 0.036649 0.109948 
0.012552 0.079498 0.004184 0.163180 0.121339 0.004184 0.037657 0.029289 0.037657 0.121339 0.004184 0.004184 0.029289 0.171548 0.179916 
0.193370 0.016575 0.016575 0.005525 0.104972 0.016575 0.027624 0.093923 0.082873 0.127072 0.049724 0.038674 0.138122 0.049724 0.038674 
0.215190 0.004219 0.004219 0.063291 0.248945 0.004219 0.012658 0.071730 0.004219 0.004219 0.164557 0.080169 0.012658 0.004219 0.105485 
0.020408 0.034014 0.006803 0.020408 0.115646 0.020408 0.142857 0.006803 0.129252 0.006803 0.047619 0.306122 0.061224 0.074830 0.006803 
0.068323 0.018634 0.130435 0.006211 0.366460 0.006211 0.018634 0.006211 0.068323 0.093168 0.018634 0.031056 0.018634 0.142857 0.006211 
0.235669 0.019108 0.057325 0.006369 0.070064 0.006369 0.006369 0.006369 0.070064 0.006369 0.121019 0.095541 0.006369 0.108280 0.184713 
0.056604 0.144654 0.031447 0.006289 0.245283 0.308176 0.056604 0.018868 0.006289 0.044025 0.006289 0.006289 0.006289 0.006289 0.056604 
0.007407 0.214815 0.037037 0.007407 0.303704 0.125926 0.007407 0.007407 0.155556 0.007407 0.066667 0.022222 0.007407 0.022222 0.007407 
0.034483 0.172414 0.006897 0.006897 0.310345 0.131034 0.006897 0.006897 0.020690 0.103448 0.062069 0.034483 0.006897 0.020690 0.075862 
0.022556 0.067669 0.052632 0.007519 0.488722 0.007519 0.022556 0.082707 0.007519 0.022556 0.172932 0.007519 0.007519 0.022556 0.007519 
0.006289 0.081761 0.018868 0.106918 0.106918 0.069182 0.182390 0.031447 0.081761 0.069182 0.006289 0.044025 0.157233 0.018868 0.018868 
0.071823 0.127072 0.071823 0.060773 0.149171 0.005525 0.016575 0.093923 0.116022 0.005525 0.027624 0.005525 0.027624 0.215470 0.005525 
0.187166 0.005348 0.005348 0.005348 0.176471 0.016043 0.122995 0.069519 0.069519 0.112299 0.026738 0.048128 0.048128 0.080214 0.026738 
0.037594 0.112782 0.082707 0.037594 0.052632 0.007519 0.007519 0.007519 0.203008 0.323308 0.022556 0.052632 0.037594 0.007519 0.007519 
0.008850 0.008850 0.026549 0.008850 0.008850 0.008850 0.008850 0.097345 0.026549 0.132743 0.026549 0.522124 0.044248 0.044248 0.026549 
0.031447 0.006289 0.018868 0.094340 0.169811 0.006289 0.094340 0.031447 0.207547 0.106918 0.006289 0.006289 0.006289 0.207547 0.006289 
0.024000 0.008000 0.008000 0.008000 0.376000 0.008000 0.152000 0.040000 0.008000 0.152000 0.024000 0.136000 0.040000 0.008000 0.008000 
0.016575 0.016575 0.005525 0.160221 0.171271 0.005525 0.182320 0.005525 0.116022 0.082873 0.082873 0.016575 0.005525 0.016575 0.116022 
0.140940 0.006711 0.046980 0.020134 0.006711 0.006711 0.046980 0.033557 0.208054 0.382550 0.073826 0.006711 0.006711 0.006711 0.006711 
0.016760 0.016760 0.005587 0.005587 0.284916 0.005587 0.184358 0.005587 0.005587 0.027933 0.016760 0.005587 0.128492 0.094972 0.195531 
0.048951 0.006993 0.034965 0.006993 0.006993 0.104895 0.202797 0.020979 0.132867 0.006993 0.020979 0.034965 0.006993 0.356643 0.006993 
0.006897 0.062069 0.089655 0.034483 0.172414 0.062069 0.020690 0.006897 0.006897 0.062069 0.020690 0.089655 0.006897 0.296552 0.062069 
0.038760 0.038760 0.007752 0.007752 0.302326 0.023256 0.007752 0.007752 0.007752 0.317829 0.007752 0.007752 0.007752 0.209302 0.007752 
0.005464 0.027322 0.005464 0.038251 0.224044 0.136612 0.092896 0.103825 0.005464 0.005464 0.092896 0.169399 0.081967 0.005464 0.005464 
0.012146 0.020243 0.295547 0.076923 0.068826 0.044534 0.004049 0.004049 0.093117 0.060729 0.117409 0.044534 0.125506 0.028340 0.004049 
0.085271 0.085271 0.007752 0.069767 0.209302 0.069767 0.193798 0.085271 0.085271 0.023256 0.023256 0.023256 0.007752 0.023256 0.007752 
0.023697 0.137441 0.004739 0.165877 0.033175 0.004739 0.023697 0.004739 0.014218 0.014218 0.080569 0.004739 0.004739 0.431280 0.052133 
0.015707 0.141361 0.005236 0.036649 0.026178 0.005236 0.099476 0.172775 0.036649 0.005236 0.099476 0.057592 0.078534 0.214660 0.005236 
0.005714 0.085714 0.108571 0.005714 0.005714 0.200000 0.028571 0.028571 0.108571 0.085714 0.108571 0.005714 0.005714 0.017143 0.200000 
0.030303 0.260606 0.030303 0.042424 0.042424 0.078788 0.066667 0.030303 0.078788 0.054545 0.030303 0.018182 0.006061 0.151515 0.078788 
0.004566 0.242009 0.105023 0.004566 0.086758 0.041096 0.013699 0.068493 0.068493 0.059361 0.031963 0.022831 0.059361 0.068493 0.123288 
0.005025 0.236181 0.055276 0.145729 0.065327 0.025126 0.065327 0.015075 0.035176 0.005025 0.035176 0.045226 0.095477 0.135678 0.035176 
0.060109 0.016393 0.136612 0.049180 0.016393 0.016393 0.224044 0.005464 0.005464 0.049180 0.049180 0.016393 0.005464 0.016393 0.333333 
0.015707 0.057592 0.078534 0.151832 0.005236 0.225131 0.015707 0.057592 0.005236 0.036649 0.225131 0.015707 0.005236 0.005236 0.099476 
0.030675 0.190184 0.006135 0.042945 0.177914 0.018405 0.018405 0.006135 0.006135 0.006135 0.251534 0.092025 0.006135 0.141104 0.006135 
0.007194 0.021583 0.093525 0.165468 0.251799 0.107914 0.007194 0.007194 0.107914 0.050360 0.007194 0.050360 0.021583 0.007194 0.093525 
0.207547 0.018868 0.031447 0.006289 0.006289 0.056604 0.044025 0.018868 0.119497 0.308176 0.031447 0.006289 0.006289 0.069182 0.069182 
0.181395 0.134884 0.023256 0.060465 0.097674 0.013953 0.125581 0.013953 0.116279 0.088372 0.004651 0.041860 0.004651 0.088372 0.004651 
0.081481 0.066667 0.022222 0.007407 0.022222 0.111111 0.185185 0.007407 0.229630 0.007407 0.081481 0.096296 0.007407 0.007407 0.066667 
0.155080 0.037433 0.016043 0.037433 0.005348 0.005348 0.122995 0.005348 0.283422 0.101604 0.005348 0.005348 0.101604 0.058824 0.058824 
0.076923 0.182186 0.052632 0.012146 0.028340 0.020243 0.157895 0.004049 0.117409 0.109312 0.125506 0.004049 0.052632 0.020243 0.036437 
0.005348 0.005348 0.005348 0.283422 0.090909 0.005348 0.080214 0.080214 0.069519 0.048128 0.026738 0.026738 0.058824 0.208556 0.005348 
0.007407 0.111111 0.007407 0.051852 0.111111 0.007407 0.051852 0.200000 0.037037 0.333333 0.007407 0.022222 0.007407 0.037037 0.007407 
0.111111 0.062802 0.120773 0.188406 0.207729 0.004831 0.082126 0.024155 0.082126 0.024155 0.004831 0.004831 0.062802 0.014493 0.004831 
0.033557 0.087248 0.006711 0.020134 0.436242 0.006711 0.006711 0.006711 0.020134 0.127517 0.033557 0.100671 0.046980 0.033557 0.033557 
0.044776 0.024876 0.024876 0.004975 0.044776 0.014925 0.054726 0.034826 0.363184 0.044776 0.134328 0.104478 0.024876 0.004975 0.074627 
0.005988 0.005988 0.017964 0.005988 0.245509 0.029940 0.041916 0.005988 0.041916 0.173653 0.005988 0.017964 0.161677 0.101796 0.137725 
0.076923 0.015385 0.066667 0.056410 0.241026 0.015385 0.128205 0.005128 0.005128 0.169231 0.076923 0.117949 0.015385 0.005128 0.005128 
0.117949 0.005128 0.005128 0.056410 0.128205 0.005128 0.015385 0.076923 0.087179 0.128205 0.005128 0.066667 0.087179 0.097436 0.117949 
0.039648 0.004405 0.286344 0.013216 0.048458 0.013216 0.083700 0.004405 0.074890 0.092511 0.127753 0.039648 0.004405 0.022026 0.145374 
0.021277 0.063830 0.007092 0.007092 0.021277 0.021277 0.078014 0.106383 0.205674 0.276596 0.021277 0.106383 0.007092 0.049645 0.007092 
0.007194 0.021583 0.007194 0.064748 0.568345 0.050360 0.093525 0.064748 0.007194 0.007194 0.035971 0.050360 0.007194 0.007194 0.007194 
0.088000 0.008000 0.008000 0.024000 0.136000 0.024000 0.024000 0.008000 0.184000 0.024000 0.008000 0.280000 0.024000 0.152000 0.008000 
0.006452 0.006452 0.083871 0.006452 0.032258 0.006452 0.148387 0.148387 0.006452 0.070968 0.006452 0.380645 0.006452 0.058065 0.032258 
0.082873 0.215470 0.005525 0.027624 0.104972 0.038674 0.049724 0.016575 0.060773 0.215470 0.149171 0.005525 0.005525 0.005525 0.016575 
0.111111 0.019608 0.281046 0.032680 0.084967 0.019608 0.006536 0.019608 0.019608 0.084967 0.084967 0.189542 0.019608 0.019608 0.006536 
0.187166 0.112299 0.155080 0.005348 0.090909 0.112299 0.037433 0.090909 0.005348 0.058824 0.069519 0.037433 0.016043 0.016043 0.005348 
0.008130 0.154472 0.008130 0.008130 0.040650 0.203252 0.414634 0.008130 0.008130 0.024390 0.008130 0.008130 0.073171 0.024390 0.008130 
0.055215 0.104294 0.018405 0.116564 0.202454 0.055215 0.092025 0.042945 0.079755 0.006135 0.030675 0.067485 0.018405 0.092025 0.018405 
0.006061 0.066667 0.006061 0.115152 0.054545 0.187879 0.042424 0.018182 0.127273 0.006061 0.030303 0.200000 0.006061 0.006061 0.127273 
0.017341 0.190751 0.075145 0.005780 0.028902 0.005780 0.017341 0.063584 0.294798 0.236994 0.005780 0.005780 0.005780 0.005780 0.040462 
0.005525 0.270718 0.049724 0.005525 0.138122 0.060773 0.259669 0.005525 0.127072 0.016575 0.005525 0.005525 0.005525 0.038674 0.005525 
0.077844 0.005988 0.017964 0.041916 0.293413 0.005988 0.161677 0.005988 0.041916 0.005988 0.005988 0.125749 0.005988 0.197605 0.005988 
0.098039 0.058824 0.006536 0.006536 0.150327 0.006536 0.006536 0.006536 0.006536 0.137255 0.006536 0.032680 0.084967 0.333333 0.058824 
0.006135 0.018405 0.042945 0.104294 0.042945 0.006135 0.055215 0.079755 0.006135 0.190184 0.018405 0.288344 0.006135 0.116564 0.018405 
0.033557 0.046980 0.020134 0.006711 0.006711 0.100671 0.154362 0.006711 0.020134 0.060403 0.006711 0.221477 0.006711 0.221477 0.087248 
0.229630 0.007407 0.007407 0.125926 0.170370 0.037037 0.022222 0.007407 0.007407 0.125926 0.007407 0.125926 0.022222 0.022222 0.081481 
0.062147 0.016949 0.141243 0.005650 0.005650 0.005650 0.209040 0.050847 0.005650 0.028249 0.039548 0.186441 0.163842 0.028249 0.050847 
0.031847 0.031847 0.006369 0.006369 0.082803 0.184713 0.146497 0.006369 0.070064 0.006369 0.210191 0.184713 0.006369 0.019108 0.006369 
0.186441 0.016949 0.005650 0.005650 0.050847 0.028249 0.129944 0.005650 0.005650 0.062147 0.005650 0.197740 0.005650 0.050847 0.242938 
0.071895 0.006536 0.019608 0.019608 0.320261 0.019608 0.058824 0.006536 0.058824 0.019608 0.019608 0.032680 0.019608 0.254902 0.071895 
0.046358 0.006623 0.006623 0.006623 0.033113 0.059603 0.059603 0.033113 0.112583 0.006623 0.033113 0.350993 0.086093 0.059603 0.099338 
0.132075 0.006289 0.094340 0.106918 0.056604 0.056604 0.006289 0.006289 0.018868 0.094340 0.044025 0.270440 0.006289 0.094340 0.006289 
0.005525 0.027624 0.049724 0.104972 0.204420 0.016575 0.016575 0.016575 0.160221 0.005525 0.005525 0.027624 0.016575 0.337017 0.005525 
0.165957 0.106383 0.021277 0.114894 0.200000 0.004255 0.012766 0.089362 0.004255 0.004255 0.046809 0.097872 0.038298 0.029787 0.063830 
0.136691 0.007194 0.007194 0.251799 0.165468 0.035971 0.035971 0.007194 0.021583 0.021583 0.007194 0.208633 0.007194 0.079137 0.007194 
0.067669 0.007519 0.007519 0.007519 0.157895 0.052632 0.142857 0.007519 0.007519 0.037594 0.022556 0.233083 0.022556 0.172932 0.052632 
0.177305 0.120567 0.007092 0.007092 0.489362 0.021277 0.007092 0.007092 0.063830 0.007092 0.007092 0.007092 0.049645 0.021277 0.007092 
0.005025 0.025126 0.025126 0.065327 0.185930 0.005025 0.005025 0.015075 0.015075 0.085427 0.005025 0.075377 0.195980 0.085427 0.206030 
0.006289 0.132075 0.006289 0.056604 0.018868 0.006289 0.157233 0.006289 0.031447 0.006289 0.081761 0.194969 0.069182 0.220126 0.006289 
0.124183 0.071895 0.019608 0.006536 0.137255 0.032680 0.202614 0.006536 0.006536 0.006536 0.032680 0.163399 0.045752 0.137255 0.006536 
0.016043 0.069519 0.016043 0.026738 0.133690 0.037433 0.016043 0.058824 0.005348 0.005348 0.080214 0.219251 0.005348 0.294118 0.016043 
0.005917 0.005917 0.159763 0.029586 0.218935 0.076923 0.017751 0.017751 0.053254 0.112426 0.029586 0.147929 0.053254 0.017751 0.053254 
0.005587 0.061453 0.027933 0.128492 0.273743 0.061453 0.050279 0.005587 0.005587 0.039106 0.094972 0.150838 0.005587 0.061453 0.027933 
0.087558 0.004608 0.271889 0.050691 0.115207 0.050691 0.096774 0.013825 0.004608 0.004608 0.032258 0.059908 0.170507 0.013825 0.023041 
0.020134 0.006711 0.006711 0.167785 0.181208 0.020134 0.114094 0.006711 0.087248 0.033557 0.020134 0.060403 0.006711 0.221477 0.046980 
0.089655 0.034483 0.062069 0.006897 0.020690 0.034483 0.048276 0.034483 0.006897 0.048276 0.034483 0.393103 0.006897 0.144828 0.034483 
0.016760 0.016760 0.005587 0.039106 0.229050 0.072626 0.262570 0.016760 0.005587 0.039106 0.016760 0.184358 0.016760 0.072626 0.005587 
0.144279 0.174129 0.014925 0.024876 0.094527 0.014925 0.064677 0.004975 0.004975 0.034826 0.074627 0.104478 0.014925 0.223881 0.004975 
0.139394 0.018182 0.212121 0.054545 0.151515 0.078788 0.006061 0.006061 0.006061 0.006061 0.006061 0.006061 0.103030 0.018182 0.187879 
0.006211 0.031056 0.105590 0.006211 0.031056 0.068323 0.192547 0.006211 0.006211 0.068323 0.006211 0.155280 0.018634 0.242236 0.055901 
0.021583 0.165468 0.223022 0.021583 0.122302 0.079137 0.021583 0.035971 0.035971 0.007194 0.035971 0.021583 0.007194 0.165468 0.035971 
0.145038 0.053435 0.007634 0.022901 0.022901 0.038168 0.068702 0.007634 0.007634 0.129771 0.007634 0.068702 0.221374 0.145038 0.053435 
0.064748 0.035971 0.007194 0.007194 0.021583 0.035971 0.050360 0.050360 0.007194 0.079137 0.021583 0.223022 0.035971 0.050360 0.309353 
0.004405 0.118943 0.004405 0.030837 0.127753 0.004405 0.004405 0.118943 0.022026 0.022026 0.030837 0.277533 0.030837 0.004405 0.198238 
0.030675 0.067485 0.263804 0.042945 0.018405 0.055215 0.006135 0.055215 0.300613 0.006135 0.006135 0.116564 0.006135 0.018405 0.006135 
0.006803 0.034014 0.006803 0.061224 0.102041 0.020408 0.142857 0.006803 0.034014 0.006803 0.020408 0.034014 0.170068 0.183673 0.170068 
0.136095 0.017751 0.017751 0.159763 0.124260 0.005917 0.076923 0.005917 0.005917 0.017751 0.005917 0.088757 0.112426 0.218935 0.005917 
0.217391 0.004831 0.004831 0.053140 0.004831 0.024155 0.004831 0.004831 0.294686 0.004831 0.014493 0.072464 0.004831 0.285024 0.004831 
0.094972 0.027933 0.016760 0.039106 0.262570 0.005587 0.094972 0.039106 0.027933 0.005587 0.027933 0.027933 0.072626 0.229050 0.027933 
0.298246 0.052632 0.005848 0.017544 0.099415 0.005848 0.005848 0.005848 0.052632 0.017544 0.005848 0.204678 0.040936 0.181287 0.005848 
0.045161 0.006452 0.032258 0.070968 0.135484 0.006452 0.019355 0.045161 0.032258 0.161290 0.006452 0.174194 0.045161 0.045161 0.174194 
0.065327 0.165829 0.005025 0.055276 0.025126 0.005025 0.015075 0.035176 0.005025 0.015075 0.065327 0.266332 0.005025 0.165829 0.105528 
0.075556 0.057778 0.013333 0.057778 0.066667 0.040000 0.111111 0.004444 0.004444 0.004444 0.040000 0.066667 0.040000 0.413333 0.004444 
0.005780 0.086705 0.005780 0.121387 0.132948 0.017341 0.132948 0.005780 0.052023 0.028902 0.005780 0.063584 0.028902 0.248555 0.063584 
0.005525 0.005525 0.082873 0.027624 0.016575 0.016575 0.038674 0.016575 0.226519 0.093923 0.071823 0.104972 0.005525 0.270718 0.016575 
0.022222 0.051852 0.022222 0.229630 0.125926 0.007407 0.214815 0.007407 0.066667 0.037037 0.007407 0.007407 0.170370 0.022222 0.007407 
0.120000 0.013333 0.031111 0.031111 0.048889 0.111111 0.182222 0.040000 0.004444 0.004444 0.048889 0.040000 0.004444 0.288889 0.031111 
0.046632 0.088083 0.025907 0.025907 0.284974 0.005181 0.005181 0.108808 0.005181 0.005181 0.098446 0.046632 0.005181 0.243523 0.005181 
0.127517 0.033557 0.006711 0.006711 0.073826 0.006711 0.006711 0.020134 0.436242 0.073826 0.006711 0.006711 0.046980 0.087248 0.060403 
0.005525 0.005525 0.027624 0.104972 0.325967 0.005525 0.182320 0.071823 0.005525 0.082873 0.016575 0.127072 0.005525 0.005525 0.027624 
0.018182 0.018182 0.018182 0.115152 0.224242 0.042424 0.006061 0.066667 0.018182 0.139394 0.006061 0.139394 0.139394 0.042424 0.006061 
0.018182 0.006061 0.054545 0.042424 0.151515 0.115152 0.042424 0.018182 0.115152 0.018182 0.042424 0.006061 0.212121 0.103030 0.054545 
0.019355 0.019355 0.096774 0.006452 0.006452 0.019355 0.161290 0.096774 0.019355 0.045161 0.019355 0.341935 0.006452 0.135484 0.006452 
0.004444 0.111111 0.004444 0.075556 0.004444 0.004444 0.022222 0.040000 0.075556 0.022222 0.128889 0.342222 0.048889 0.093333 0.022222 
0.032680 0.032680 0.058824 0.006536 0.058824 0.111111 0.019608 0.006536 0.032680 0.032680 0.019608 0.176471 0.006536 0.398693 0.006536 
0.023622 0.023622 0.133858 0.007874 0.023622 0.007874 0.023622 0.086614 0.149606 0.165354 0.070866 0.196850 0.007874 0.070866 0.007874 
0.040000 0.040000 0.008000 0.024000 0.440000 0.008000 0.024000 0.024000 0.008000 0.088000 0.040000 0.040000 0.024000 0.008000 0.184000 
0.005291 0.079365 0.079365 0.015873 0.238095 0.037037 0.015873 0.015873 0.089947 0.037037 0.164021 0.121693 0.005291 0.058201 0.037037 
0.045685 0.025381 0.035533 0.015228 0.187817 0.096447 0.147208 0.005076 0.005076 0.076142 0.045685 0.015228 0.025381 0.258883 0.015228 
0.007519 0.052632 0.022556 0.007519 0.458647 0.037594 0.037594 0.082707 0.022556 0.082707 0.007519 0.007519 0.007519 0.157895 0.007519 
0.159184 0.028571 0.183673 0.004082 0.012245 0.012245 0.085714 0.012245 0.004082 0.004082 0.020408 0.028571 0.004082 0.289796 0.151020 
0.286624 0.019108 0.006369 0.070064 0.006369 0.006369 0.044586 0.019108 0.019108 0.095541 0.006369 0.324841 0.044586 0.044586 0.006369 
0.051793 0.171315 0.227092 0.027888 0.003984 0.051793 0.043825 0.075697 0.011952 0.019920 0.035857 0.139442 0.115538 0.003984 0.019920 
0.031056 0.055901 0.006211 0.031056 0.416149 0.043478 0.006211 0.006211 0.018634 0.006211 0.018634 0.217391 0.006211 0.080745 0.055901 
0.013100 0.013100 0.065502 0.004367 0.030568 0.100437 0.074236 0.257642 0.013100 0.039301 0.117904 0.109170 0.144105 0.004367 0.013100 
0.040000 0.024000 0.120000 0.008000 0.088000 0.008000 0.008000 0.024000 0.088000 0.024000 0.008000 0.536000 0.008000 0.008000 0.008000 
0.027933 0.061453 0.072626 0.050279 0.005587 0.027933 0.016760 0.005587 0.039106 0.005587 0.150838 0.296089 0.005587 0.117318 0.117318 
0.025381 0.076142 0.258883 0.035533 0.005076 0.065990 0.005076 0.035533 0.005076 0.005076 0.065990 0.147208 0.147208 0.065990 0.055838 
0.167568 0.005405 0.254054 0.048649 0.070270 0.059459 0.005405 0.005405 0.005405 0.027027 0.081081 0.027027 0.124324 0.113514 0.005405 
0.012766 0.021277 0.046809 0.097872 0.174468 0.080851 0.004255 0.004255 0.038298 0.106383 0.131915 0.012766 0.038298 0.200000 0.029787 
0.005988 0.005988 0.221557 0.005988 0.005988 0.173653 0.017964 0.041916 0.161677 0.017964 0.125749 0.017964 0.149701 0.029940 0.017964 
0.008696 0.043478 0.008696 0.008696 0.304348 0.026087 0.008696 0.008696 0.026087 0.391304 0.043478 0.060870 0.043478 0.008696 0.008696 
0.004831 0.217391 0.004831 0.091787 0.140097 0.014493 0.120773 0.004831 0.004831 0.178744 0.004831 0.053140 0.033816 0.120773 0.004831 
0.094972 0.184358 0.027933 0.039106 0.083799 0.016760 0.016760 0.106145 0.005587 0.184358 0.027933 0.128492 0.005587 0.072626 0.005587 
0.035533 0.076142 0.096447 0.005076 0.025381 0.005076 0.005076 0.025381 0.025381 0.096447 0.269036 0.167513 0.055838 0.106599 0.005076 
0.206349 0.037037 0.037037 0.005291 0.005291 0.005291 0.015873 0.005291 0.047619 0.068783 0.142857 0.089947 0.259259 0.058201 0.015873 
0.167630 0.052023 0.005780 0.005780 0.179191 0.132948 0.005780 0.005780 0.005780 0.040462 0.017341 0.156069 0.132948 0.086705 0.005780 
0.193717 0.267016 0.047120 0.130890 0.068063 0.005236 0.036649 0.005236 0.036649 0.005236 0.005236 0.151832 0.015707 0.005236 0.026178 
0.355705 0.006711 0.033557 0.073826 0.020134 0.073826 0.033557 0.006711 0.114094 0.006711 0.020134 0.234899 0.006711 0.006711 0.006711 
0.025381 0.065990 0.005076 0.055838 0.269036 0.015228 0.187817 0.025381 0.005076 0.147208 0.005076 0.076142 0.025381 0.076142 0.015228 
0.028571 0.005714 0.074286 0.005714 0.074286 0.062857 0.120000 0.120000 0.005714 0.154286 0.108571 0.131429 0.017143 0.017143 0.074286 
0.005405 0.081081 0.027027 0.005405 0.124324 0.005405 0.027027 0.016216 0.081081 0.210811 0.005405 0.027027 0.059459 0.037838 0.286486 
0.006061 0.054545 0.006061 0.054545 0.030303 0.018182 0.006061 0.054545 0.054545 0.006061 0.006061 0.284848 0.175758 0.127273 0.115152 
0.015873 0.121693 0.068783 0.206349 0.164021 0.068783 0.005291 0.026455 0.058201 0.047619 0.026455 0.121693 0.047619 0.005291 0.015873 
0.005848 0.005848 0.005848 0.005848 0.076023 0.005848 0.157895 0.005848 0.204678 0.005848 0.040936 0.005848 0.005848 0.029240 0.438596 
0.004831 0.236715 0.053140 0.149758 0.014493 0.062802 0.062802 0.043478 0.014493 0.053140 0.091787 0.004831 0.024155 0.169082 0.014493 
0.006803 0.034014 0.020408 0.074830 0.197279 0.006803 0.006803 0.061224 0.061224 0.102041 0.006803 0.360544 0.006803 0.047619 0.006803 
0.356522 0.113043 0.008696 0.026087 0.008696 0.008696 0.008696 0.026087 0.008696 0.200000 0.026087 0.113043 0.060870 0.008696 0.026087 
0.008264 0.140496 0.024793 0.190083 0.173554 0.008264 0.008264 0.041322 0.140496 0.024793 0.024793 0.074380 0.008264 0.123967 0.008264 
0.145729 0.165829 0.105528 0.075377 0.206030 0.025126 0.005025 0.085427 0.005025 0.105528 0.005025 0.005025 0.005025 0.045226 0.015075 
0.042424 0.030303 0.006061 0.066667 0.042424 0.018182 0.030303 0.030303 0.163636 0.006061 0.054545 0.151515 0.006061 0.175758 0.175758 
