0.205021 0.146444 0.271967 0.062762 0.004184 0.012552 0.012552 0.004184 0.087866 0.020921 0.037657 0.012552 0.012552 0.029289 0.079498 
0.004525 0.312217 0.212670 0.004525 0.004525 0.004525 0.004525 0.004525 0.104072 0.185520 0.031674 0.022624 0.049774 0.031674 0.022624 
0.004367 0.187773 0.213974 0.126638 0.004367 0.013100 0.074236 0.013100 0.004367 0.082969 0.082969 0.030568 0.013100 0.082969 0.065502 
0.015228 0.137056 0.015228 0.005076 0.005076 0.005076 0.005076 0.187817 0.076142 0.055838 0.005076 0.005076 0.065990 0.238579 0.177665 
0.025641 0.223443 0.135531 0.245421 0.003663 0.018315 0.018315 0.003663 0.084249 0.018315 0.054945 0.010989 0.003663 0.069597 0.084249 
0.004739 0.251185 0.052133 0.023697 0.071090 0.004739 0.004739 0.033175 0.004739 0.004739 0.004739 0.061611 0.061611 0.033175 0.383886 
0.196653 0.213389 0.380753 0.046025 0.004184 0.004184 0.004184 0.004184 0.004184 0.012552 0.020921 0.012552 0.004184 0.079498 0.012552 
0.005076 0.360406 0.035533 0.005076 0.015228 0.005076 0.005076 0.005076 0.076142 0.015228 0.177665 0.106599 0.065990 0.015228 0.106599 
0.104603 0.305439 0.004184 0.004184 0.012552 0.029289 0.004184 0.004184 0.004184 0.004184 0.330544 0.012552 0.004184 0.020921 0.154812 
0.045752 0.202614 0.032680 0.006536 0.058824 0.006536 0.202614 0.006536 0.006536 0.045752 0.019608 0.019608 0.163399 0.006536 0.176471 
0.160494 0.127572 0.267490 0.176955 0.004115 0.004115 0.004115 0.078189 0.012346 0.028807 0.020576 0.004115 0.004115 0.061728 0.045267 
0.012552 0.121339 0.372385 0.071130 0.004184 0.071130 0.004184 0.037657 0.012552 0.020921 0.020921 0.004184 0.062762 0.096234 0.087866 
0.025126 0.125628 0.075377 0.045226 0.005025 0.015075 0.025126 0.045226 0.246231 0.145729 0.035176 0.025126 0.035176 0.135678 0.015075 
0.023256 0.227907 0.200000 0.060465 0.200000 0.041860 0.004651 0.004651 0.004651 0.004651 0.023256 0.004651 0.013953 0.181395 0.004651 
0.003460 0.176471 0.003460 0.003460 0.031142 0.024221 0.128028 0.003460 0.058824 0.017301 0.024221 0.017301 0.010381 0.266436 0.231834 
0.004608 0.299539 0.004608 0.087558 0.004608 0.096774 0.004608 0.032258 0.069124 0.004608 0.152074 0.032258 0.004608 0.152074 0.050691 
0.189427 0.039648 0.207048 0.004405 0.004405 0.004405 0.004405 0.004405 0.110132 0.030837 0.039648 0.022026 0.048458 0.004405 0.286344 
0.003663 0.128205 0.391941 0.113553 0.032967 0.091575 0.010989 0.025641 0.025641 0.003663 0.003663 0.003663 0.003663 0.062271 0.098901 
0.003717 0.092937 0.078067 0.122677 0.018587 0.055762 0.048327 0.137546 0.011152 0.003717 0.003717 0.003717 0.003717 0.107807 0.308550 
0.011673 0.066148 0.175097 0.003891 0.003891 0.027237 0.058366 0.042802 0.112840 0.066148 0.019455 0.042802 0.019455 0.175097 0.175097 
0.033113 0.403974 0.006623 0.006623 0.006623 0.033113 0.046358 0.033113 0.125828 0.006623 0.033113 0.033113 0.019868 0.046358 0.165563 
0.024155 0.140097 0.111111 0.004831 0.140097 0.024155 0.062802 0.072464 0.014493 0.043478 0.062802 0.004831 0.024155 0.091787 0.178744 
0.022026 0.127753 0.224670 0.030837 0.013216 0.004405 0.013216 0.118943 0.004405 0.013216 0.022026 0.004405 0.127753 0.259912 0.013216 
0.006135 0.300613 0.006135 0.006135 0.030675 0.055215 0.177914 0.030675 0.006135 0.006135 0.018405 0.006135 0.018405 0.177914 0.153374 
0.059459 0.178378 0.113514 0.027027 0.027027 0.070270 0.081081 0.027027 0.037838 0.048649 0.113514 0.059459 0.016216 0.016216 0.124324 
0.005076 0.319797 0.005076 0.015228 0.015228 0.035533 0.035533 0.005076 0.096447 0.005076 0.076142 0.005076 0.055838 0.055838 0.269036 
0.004115 0.028807 0.259259 0.004115 0.012346 0.004115 0.020576 0.004115 0.094650 0.061728 0.037037 0.012346 0.020576 0.267490 0.168724 
0.003774 0.290566 0.018868 0.200000 0.003774 0.003774 0.003774 0.011321 0.018868 0.154717 0.064151 0.003774 0.011321 0.018868 0.192453 
0.018182 0.277922 0.277922 0.028571 0.012987 0.007792 0.002597 0.002597 0.028571 0.002597 0.127273 0.023377 0.002597 0.184416 0.002597 
0.019011 0.003802 0.003802 0.292776 0.034221 0.041825 0.041825 0.057034 0.003802 0.026616 0.064639 0.041825 0.019011 0.193916 0.155894 
0.005714 0.177143 0.062857 0.005714 0.005714 0.005714 0.017143 0.017143 0.005714 0.085714 0.028571 0.028571 0.005714 0.051429 0.497143 
0.004831 0.314010 0.014493 0.004831 0.004831 0.033816 0.014493 0.072464 0.014493 0.004831 0.004831 0.033816 0.004831 0.188406 0.285024 
0.027624 0.082873 0.016575 0.060773 0.027624 0.038674 0.005525 0.127072 0.005525 0.082873 0.171271 0.016575 0.016575 0.193370 0.127072 
0.019868 0.443709 0.006623 0.006623 0.019868 0.046358 0.006623 0.072848 0.059603 0.033113 0.006623 0.006623 0.033113 0.033113 0.205298 
0.015544 0.243523 0.160622 0.025907 0.015544 0.005181 0.067358 0.015544 0.025907 0.005181 0.098446 0.098446 0.005181 0.181347 0.036269 
0.006061 0.454545 0.018182 0.006061 0.030303 0.006061 0.078788 0.151515 0.006061 0.030303 0.018182 0.054545 0.006061 0.006061 0.127273 
0.140562 0.140562 0.068273 0.004016 0.012048 0.004016 0.004016 0.140562 0.012048 0.012048 0.156627 0.044177 0.036145 0.108434 0.116466 
0.004975 0.293532 0.004975 0.114428 0.014925 0.004975 0.004975 0.004975 0.134328 0.014925 0.044776 0.034826 0.004975 0.044776 0.273632 
0.027322 0.377049 0.005464 0.038251 0.049180 0.016393 0.038251 0.038251 0.005464 0.136612 0.005464 0.005464 0.005464 0.213115 0.038251 
0.011236 0.176030 0.273408 0.033708 0.003745 0.003745 0.011236 0.063670 0.003745 0.003745 0.048689 0.041199 0.153558 0.153558 0.018727 
0.008499 0.359773 0.167139 0.008499 0.002833 0.025496 0.002833 0.008499 0.014164 0.002833 0.019830 0.002833 0.138810 0.087819 0.150142 
0.003717 0.278810 0.107807 0.011152 0.003717 0.018587 0.026022 0.003717 0.078067 0.018587 0.003717 0.018587 0.003717 0.092937 0.330855 
0.024876 0.333333 0.014925 0.184080 0.004975 0.034826 0.004975 0.014925 0.014925 0.004975 0.004975 0.004975 0.014925 0.014925 0.323383 
0.223881 0.004975 0.194030 0.024876 0.044776 0.004975 0.004975 0.014925 0.004975 0.054726 0.024876 0.044776 0.054726 0.293532 0.004975 
0.218543 0.086093 0.059603 0.059603 0.019868 0.019868 0.125828 0.072848 0.059603 0.125828 0.006623 0.006623 0.059603 0.072848 0.006623 
0.027322 0.092896 0.125683 0.016393 0.016393 0.103825 0.038251 0.060109 0.049180 0.005464 0.027322 0.081967 0.049180 0.005464 0.300546 
0.004785 0.502392 0.043062 0.023923 0.023923 0.004785 0.100478 0.004785 0.167464 0.004785 0.052632 0.004785 0.052632 0.004785 0.004785 
0.084577 0.293532 0.064677 0.004975 0.004975 0.004975 0.044776 0.064677 0.004975 0.084577 0.124378 0.054726 0.074627 0.004975 0.084577 
0.067729 0.227092 0.099602 0.059761 0.019920 0.003984 0.003984 0.003984 0.043825 0.011952 0.043825 0.051793 0.003984 0.250996 0.107570 
0.004484 0.390135 0.031390 0.004484 0.013453 0.013453 0.013453 0.031390 0.004484 0.031390 0.103139 0.067265 0.273543 0.004484 0.013453 
0.053140 0.526570 0.014493 0.120773 0.004831 0.014493 0.014493 0.024155 0.004831 0.004831 0.053140 0.004831 0.101449 0.014493 0.043478 
0.029289 0.087866 0.062762 0.012552 0.004184 0.004184 0.012552 0.012552 0.004184 0.213389 0.079498 0.037657 0.004184 0.246862 0.188285 
0.004651 0.376744 0.004651 0.013953 0.060465 0.004651 0.023256 0.004651 0.097674 0.004651 0.144186 0.004651 0.088372 0.004651 0.162791 
0.006289 0.421384 0.031447 0.081761 0.006289 0.106918 0.006289 0.006289 0.031447 0.006289 0.006289 0.056604 0.119497 0.106918 0.006289 
0.026178 0.068063 0.005236 0.026178 0.005236 0.005236 0.109948 0.036649 0.005236 0.005236 0.005236 0.015707 0.214660 0.193717 0.277487 
0.015228 0.238579 0.208122 0.035533 0.045685 0.086294 0.116751 0.035533 0.005076 0.055838 0.035533 0.025381 0.005076 0.015228 0.076142 
0.011321 0.011321 0.162264 0.056604 0.026415 0.003774 0.215094 0.011321 0.003774 0.071698 0.011321 0.018868 0.132075 0.011321 0.252830 
0.012552 0.414226 0.020921 0.037657 0.079498 0.020921 0.004184 0.096234 0.087866 0.004184 0.154812 0.004184 0.020921 0.037657 0.004184 
0.027624 0.005525 0.104972 0.005525 0.038674 0.005525 0.016575 0.005525 0.005525 0.016575 0.060773 0.005525 0.237569 0.127072 0.337017 
0.062147 0.220339 0.062147 0.050847 0.039548 0.016949 0.005650 0.050847 0.005650 0.005650 0.039548 0.141243 0.005650 0.005650 0.288136 
0.005848 0.064327 0.005848 0.029240 0.017544 0.017544 0.017544 0.005848 0.391813 0.064327 0.040936 0.064327 0.017544 0.111111 0.146199 
0.030137 0.490411 0.112329 0.002740 0.002740 0.008219 0.002740 0.002740 0.002740 0.046575 0.024658 0.013699 0.013699 0.243836 0.002740 
0.017964 0.005988 0.053892 0.293413 0.017964 0.005988 0.005988 0.041916 0.053892 0.005988 0.089820 0.029940 0.149701 0.005988 0.221557 
0.007092 0.262411 0.078014 0.205674 0.092199 0.035461 0.007092 0.078014 0.007092 0.120567 0.035461 0.021277 0.007092 0.035461 0.007092 
0.062857 0.394286 0.097143 0.005714 0.017143 0.017143 0.017143 0.028571 0.017143 0.017143 0.040000 0.005714 0.074286 0.028571 0.177143 
0.006369 0.375796 0.006369 0.057325 0.006369 0.197452 0.006369 0.070064 0.006369 0.044586 0.031847 0.044586 0.006369 0.019108 0.121019 
0.003984 0.131474 0.003984 0.003984 0.075697 0.011952 0.171315 0.083665 0.003984 0.003984 0.227092 0.003984 0.003984 0.043825 0.227092 
0.016760 0.530726 0.050279 0.072626 0.050279 0.005587 0.005587 0.027933 0.016760 0.027933 0.016760 0.005587 0.106145 0.005587 0.061453 
0.011494 0.295019 0.003831 0.187739 0.011494 0.019157 0.003831 0.072797 0.011494 0.103448 0.072797 0.003831 0.019157 0.011494 0.172414 
0.010033 0.170569 0.177258 0.050167 0.023411 0.016722 0.003344 0.010033 0.010033 0.003344 0.324415 0.003344 0.030100 0.010033 0.157191 
0.004115 0.283951 0.053498 0.037037 0.037037 0.004115 0.086420 0.119342 0.078189 0.004115 0.045267 0.037037 0.004115 0.037037 0.168724 
0.059289 0.256917 0.075099 0.003953 0.051383 0.003953 0.067194 0.003953 0.035573 0.011858 0.011858 0.003953 0.011858 0.288538 0.114625 
0.068783 0.005291 0.079365 0.037037 0.015873 0.005291 0.026455 0.005291 0.005291 0.015873 0.100529 0.005291 0.015873 0.111111 0.502646 
0.011673 0.221790 0.019455 0.042802 0.011673 0.003891 0.073930 0.003891 0.019455 0.245136 0.167315 0.011673 0.003891 0.143969 0.019455 
0.034014 0.006803 0.006803 0.170068 0.006803 0.020408 0.074830 0.020408 0.006803 0.006803 0.020408 0.034014 0.020408 0.061224 0.510204 
0.025455 0.403636 0.098182 0.032727 0.010909 0.003636 0.040000 0.112727 0.003636 0.032727 0.083636 0.003636 0.120000 0.025455 0.003636 
0.033113 0.205298 0.033113 0.019868 0.006623 0.019868 0.006623 0.112583 0.072848 0.033113 0.099338 0.006623 0.165563 0.019868 0.165563 
0.006061 0.078788 0.090909 0.103030 0.006061 0.066667 0.042424 0.006061 0.066667 0.006061 0.090909 0.030303 0.018182 0.006061 0.381818 
0.049774 0.140271 0.031674 0.058824 0.004525 0.013575 0.004525 0.022624 0.004525 0.221719 0.031674 0.004525 0.067873 0.140271 0.203620 
0.044776 0.233831 0.064677 0.014925 0.034826 0.004975 0.004975 0.054726 0.074627 0.024876 0.044776 0.004975 0.024876 0.084577 0.283582 
0.003390 0.261017 0.301695 0.050847 0.003390 0.023729 0.023729 0.010169 0.003390 0.003390 0.132203 0.003390 0.003390 0.071186 0.105085 
0.005587 0.173184 0.385475 0.005587 0.005587 0.039106 0.005587 0.039106 0.027933 0.016760 0.016760 0.039106 0.005587 0.072626 0.162011 
0.152709 0.428571 0.004926 0.014778 0.133005 0.024631 0.044335 0.004926 0.054187 0.034483 0.014778 0.014778 0.004926 0.064039 0.004926 
0.023411 0.224080 0.083612 0.043478 0.010033 0.010033 0.063545 0.023411 0.003344 0.023411 0.190635 0.010033 0.130435 0.083612 0.076923 
0.011673 0.229572 0.159533 0.003891 0.003891 0.003891 0.011673 0.019455 0.050584 0.050584 0.003891 0.003891 0.003891 0.105058 0.338521 
0.004219 0.468354 0.004219 0.012658 0.004219 0.004219 0.021097 0.004219 0.004219 0.004219 0.063291 0.130802 0.004219 0.265823 0.004219 
0.004115 0.053498 0.045267 0.012346 0.078189 0.152263 0.086420 0.028807 0.012346 0.061728 0.053498 0.012346 0.053498 0.316872 0.028807 
0.006289 0.094340 0.106918 0.031447 0.031447 0.094340 0.031447 0.031447 0.006289 0.207547 0.119497 0.018868 0.006289 0.044025 0.169811 
0.028902 0.086705 0.005780 0.052023 0.410405 0.005780 0.040462 0.086705 0.028902 0.040462 0.190751 0.005780 0.005780 0.005780 0.005780 
0.005587 0.139665 0.005587 0.005587 0.173184 0.005587 0.005587 0.005587 0.039106 0.016760 0.206704 0.106145 0.050279 0.094972 0.139665 
0.004367 0.065502 0.161572 0.004367 0.004367 0.056769 0.004367 0.004367 0.004367 0.013100 0.030568 0.170306 0.004367 0.458515 0.013100 
0.005291 0.185185 0.005291 0.037037 0.195767 0.079365 0.026455 0.068783 0.005291 0.026455 0.026455 0.005291 0.015873 0.005291 0.312169 
0.149171 0.005525 0.093923 0.027624 0.027624 0.016575 0.049724 0.060773 0.027624 0.182320 0.016575 0.082873 0.226519 0.005525 0.027624 
0.033557 0.006711 0.154362 0.020134 0.221477 0.073826 0.087248 0.020134 0.006711 0.006711 0.261745 0.020134 0.006711 0.020134 0.060403 
0.248677 0.037037 0.079365 0.015873 0.111111 0.026455 0.333333 0.005291 0.005291 0.079365 0.015873 0.005291 0.005291 0.026455 0.005291 
0.038251 0.016393 0.016393 0.016393 0.103825 0.049180 0.038251 0.103825 0.005464 0.060109 0.049180 0.016393 0.355191 0.103825 0.027322 
0.014085 0.173709 0.107981 0.004695 0.136150 0.004695 0.004695 0.051643 0.004695 0.117371 0.192488 0.004695 0.098592 0.023474 0.061033 
0.005917 0.514793 0.029586 0.053254 0.088757 0.017751 0.017751 0.005917 0.005917 0.100592 0.136095 0.005917 0.005917 0.005917 0.005917 
0.006211 0.304348 0.031056 0.006211 0.130435 0.055901 0.043478 0.006211 0.018634 0.031056 0.031056 0.105590 0.006211 0.105590 0.118012 
0.005236 0.193717 0.193717 0.015707 0.005236 0.026178 0.005236 0.005236 0.005236 0.005236 0.204188 0.225131 0.026178 0.078534 0.005236 
0.005181 0.181347 0.005181 0.015544 0.005181 0.005181 0.036269 0.056995 0.025907 0.015544 0.170984 0.005181 0.336788 0.005181 0.129534 
0.081967 0.114754 0.103825 0.005464 0.005464 0.049180 0.125683 0.027322 0.202186 0.081967 0.005464 0.016393 0.103825 0.049180 0.027322 
0.006061 0.006061 0.030303 0.212121 0.030303 0.054545 0.078788 0.006061 0.078788 0.127273 0.127273 0.042424 0.078788 0.006061 0.115152 
0.029787 0.012766 0.012766 0.123404 0.131915 0.004255 0.004255 0.021277 0.004255 0.004255 0.293617 0.012766 0.021277 0.174468 0.148936 
0.034483 0.201970 0.014778 0.073892 0.014778 0.093596 0.113300 0.004926 0.004926 0.004926 0.004926 0.064039 0.044335 0.211823 0.113300 
0.006135 0.202454 0.006135 0.079755 0.092025 0.042945 0.079755 0.042945 0.006135 0.349693 0.006135 0.006135 0.006135 0.006135 0.067485 
0.048649 0.124324 0.016216 0.005405 0.113514 0.145946 0.081081 0.016216 0.005405 0.091892 0.156757 0.005405 0.005405 0.005405 0.178378 
0.004926 0.379310 0.004926 0.014778 0.044335 0.073892 0.014778 0.004926 0.064039 0.004926 0.221675 0.064039 0.004926 0.093596 0.004926 
0.067194 0.027668 0.391304 0.011858 0.011858 0.043478 0.051383 0.051383 0.083004 0.027668 0.011858 0.019763 0.019763 0.138340 0.043478 
0.004785 0.368421 0.033493 0.090909 0.100478 0.014354 0.033493 0.004785 0.119617 0.004785 0.014354 0.004785 0.004785 0.004785 0.196172 
0.005650 0.062147 0.107345 0.005650 0.039548 0.050847 0.016949 0.073446 0.016949 0.197740 0.096045 0.175141 0.005650 0.096045 0.050847 
0.120000 0.200000 0.056000 0.056000 0.008000 0.040000 0.072000 0.056000 0.264000 0.008000 0.040000 0.008000 0.008000 0.008000 0.056000 
0.048649 0.275676 0.037838 0.016216 0.156757 0.059459 0.005405 0.005405 0.016216 0.027027 0.005405 0.113514 0.005405 0.221622 0.005405 
0.169591 0.005848 0.017544 0.076023 0.029240 0.005848 0.017544 0.005848 0.005848 0.017544 0.017544 0.064327 0.005848 0.122807 0.438596 
0.062857 0.097143 0.005714 0.005714 0.142857 0.005714 0.051429 0.017143 0.005714 0.131429 0.280000 0.074286 0.028571 0.040000 0.051429 
0.020134 0.154362 0.006711 0.033557 0.033557 0.073826 0.127517 0.020134 0.006711 0.006711 0.275168 0.154362 0.060403 0.020134 0.006711 
0.087866 0.029289 0.062762 0.046025 0.046025 0.163180 0.054393 0.004184 0.004184 0.121339 0.280335 0.004184 0.029289 0.012552 0.054393 
0.062857 0.142857 0.005714 0.074286 0.120000 0.040000 0.062857 0.040000 0.131429 0.074286 0.040000 0.005714 0.005714 0.177143 0.017143 
0.248619 0.049724 0.005525 0.049724 0.171271 0.005525 0.005525 0.160221 0.005525 0.005525 0.005525 0.027624 0.104972 0.138122 0.016575 
0.073892 0.123153 0.014778 0.044335 0.113300 0.024631 0.201970 0.054187 0.004926 0.064039 0.004926 0.024631 0.024631 0.004926 0.221675 
0.038674 0.138122 0.038674 0.005525 0.060773 0.093923 0.005525 0.016575 0.049724 0.038674 0.016575 0.127072 0.016575 0.248619 0.104972 
0.008000 0.376000 0.008000 0.008000 0.056000 0.248000 0.008000 0.040000 0.120000 0.072000 0.008000 0.008000 0.024000 0.008000 0.008000 
0.023622 0.133858 0.007874 0.007874 0.023622 0.102362 0.086614 0.086614 0.023622 0.007874 0.039370 0.070866 0.023622 0.007874 0.354331 
0.037433 0.112299 0.016043 0.005348 0.005348 0.016043 0.090909 0.069519 0.122995 0.048128 0.294118 0.144385 0.005348 0.005348 0.026738 
0.038251 0.016393 0.016393 0.005464 0.169399 0.005464 0.016393 0.005464 0.158470 0.125683 0.038251 0.060109 0.103825 0.147541 0.092896 
0.004525 0.203620 0.212670 0.040724 0.013575 0.185520 0.031674 0.040724 0.004525 0.040724 0.013575 0.149321 0.004525 0.049774 0.004525 
0.006289 0.232704 0.018868 0.069182 0.006289 0.006289 0.119497 0.031447 0.132075 0.194969 0.044025 0.006289 0.056604 0.006289 0.069182 
0.089362 0.038298 0.004255 0.012766 0.123404 0.046809 0.097872 0.004255 0.046809 0.055319 0.038298 0.004255 0.114894 0.080851 0.242553 
0.005848 0.263158 0.146199 0.005848 0.064327 0.005848 0.017544 0.005848 0.017544 0.181287 0.076023 0.052632 0.146199 0.005848 0.005848 
0.043478 0.008696 0.147826 0.095652 0.060870 0.113043 0.182609 0.147826 0.008696 0.008696 0.026087 0.043478 0.008696 0.095652 0.008696 
0.039548 0.152542 0.005650 0.197740 0.005650 0.005650 0.141243 0.039548 0.073446 0.016949 0.016949 0.118644 0.039548 0.073446 0.073446 
0.032258 0.161290 0.019355 0.045161 0.058065 0.135484 0.032258 0.122581 0.122581 0.032258 0.006452 0.200000 0.006452 0.006452 0.019355 
0.105691 0.024390 0.008130 0.008130 0.154472 0.008130 0.040650 0.024390 0.317073 0.105691 0.008130 0.138211 0.024390 0.008130 0.024390 
0.008696 0.008696 0.008696 0.008696 0.026087 0.252174 0.078261 0.008696 0.008696 0.008696 0.026087 0.513043 0.026087 0.008696 0.008696 
0.038760 0.085271 0.007752 0.038760 0.240310 0.023256 0.069767 0.007752 0.007752 0.224806 0.007752 0.023256 0.038760 0.178295 0.007752 
0.109244 0.008403 0.008403 0.159664 0.058824 0.025210 0.008403 0.008403 0.025210 0.042017 0.042017 0.411765 0.058824 0.008403 0.025210 
0.076923 0.017751 0.029586 0.005917 0.266272 0.017751 0.005917 0.005917 0.088757 0.076923 0.124260 0.053254 0.017751 0.207101 0.005917 
0.100775 0.007752 0.007752 0.023256 0.100775 0.007752 0.209302 0.007752 0.069767 0.054264 0.085271 0.100775 0.100775 0.085271 0.038760 
0.008000 0.040000 0.008000 0.008000 0.024000 0.008000 0.024000 0.008000 0.264000 0.056000 0.088000 0.392000 0.008000 0.024000 0.040000 
0.005076 0.015228 0.106599 0.076142 0.045685 0.035533 0.045685 0.137056 0.157360 0.197970 0.025381 0.015228 0.005076 0.015228 0.116751 
0.008130 0.008130 0.040650 0.024390 0.154472 0.008130 0.154472 0.008130 0.121951 0.056911 0.089431 0.284553 0.008130 0.008130 0.024390 
0.015707 0.005236 0.204188 0.015707 0.109948 0.036649 0.036649 0.047120 0.225131 0.109948 0.005236 0.005236 0.162304 0.005236 0.015707 
0.062762 0.071130 0.004184 0.188285 0.062762 0.004184 0.020921 0.112971 0.062762 0.020921 0.012552 0.112971 0.079498 0.179916 0.004184 
0.060773 0.016575 0.038674 0.038674 0.027624 0.016575 0.071823 0.027624 0.237569 0.104972 0.071823 0.060773 0.127072 0.005525 0.093923 
0.113924 0.004219 0.088608 0.021097 0.274262 0.004219 0.046414 0.113924 0.054852 0.012658 0.105485 0.029536 0.004219 0.063291 0.063291 
0.020408 0.006803 0.047619 0.006803 0.088435 0.074830 0.115646 0.006803 0.319728 0.006803 0.020408 0.156463 0.102041 0.020408 0.006803 
0.006211 0.018634 0.093168 0.006211 0.366460 0.018634 0.018634 0.043478 0.080745 0.031056 0.031056 0.093168 0.043478 0.018634 0.130435 
0.070064 0.006369 0.019108 0.006369 0.031847 0.006369 0.019108 0.006369 0.019108 0.121019 0.222930 0.222930 0.006369 0.019108 0.222930 
0.006289 0.006289 0.081761 0.018868 0.044025 0.308176 0.132075 0.069182 0.018868 0.144654 0.044025 0.006289 0.018868 0.031447 0.069182 
0.007407 0.066667 0.007407 0.096296 0.288889 0.244444 0.007407 0.007407 0.081481 0.022222 0.007407 0.007407 0.022222 0.022222 0.111111 
0.020690 0.282759 0.034483 0.144828 0.034483 0.282759 0.006897 0.006897 0.006897 0.006897 0.062069 0.006897 0.006897 0.006897 0.089655 
0.007519 0.067669 0.067669 0.037594 0.127820 0.218045 0.037594 0.022556 0.007519 0.142857 0.218045 0.007519 0.007519 0.022556 0.007519 
0.006289 0.144654 0.056604 0.069182 0.056604 0.031447 0.119497 0.006289 0.169811 0.119497 0.006289 0.018868 0.157233 0.018868 0.018868 
0.027624 0.082873 0.027624 0.027624 0.171271 0.016575 0.005525 0.138122 0.016575 0.038674 0.116022 0.116022 0.005525 0.193370 0.016575 
0.058824 0.048128 0.005348 0.005348 0.347594 0.016043 0.058824 0.026738 0.080214 0.080214 0.005348 0.101604 0.133690 0.005348 0.026738 
0.052632 0.172932 0.007519 0.007519 0.127820 0.007519 0.067669 0.007519 0.007519 0.323308 0.007519 0.067669 0.007519 0.127820 0.007519 
0.026549 0.008850 0.008850 0.026549 0.008850 0.008850 0.026549 0.115044 0.061947 0.079646 0.097345 0.451327 0.008850 0.061947 0.008850 
0.031447 0.056604 0.031447 0.018868 0.157233 0.056604 0.119497 0.069182 0.006289 0.094340 0.018868 0.006289 0.006289 0.308176 0.018868 
0.008000 0.008000 0.024000 0.024000 0.184000 0.104000 0.152000 0.008000 0.008000 0.216000 0.120000 0.120000 0.008000 0.008000 0.008000 
0.005525 0.038674 0.005525 0.138122 0.104972 0.005525 0.127072 0.005525 0.071823 0.127072 0.204420 0.016575 0.005525 0.005525 0.138122 
0.114094 0.046980 0.033557 0.033557 0.033557 0.006711 0.127517 0.033557 0.114094 0.221477 0.087248 0.100671 0.006711 0.006711 0.033557 
0.027933 0.072626 0.083799 0.027933 0.162011 0.072626 0.206704 0.005587 0.005587 0.005587 0.061453 0.184358 0.016760 0.061453 0.005587 
0.006993 0.034965 0.006993 0.006993 0.006993 0.006993 0.398601 0.006993 0.006993 0.020979 0.006993 0.104895 0.020979 0.258741 0.104895 
0.006897 0.034483 0.006897 0.034483 0.144828 0.020690 0.062069 0.006897 0.034483 0.006897 0.062069 0.310345 0.020690 0.241379 0.006897 
0.007752 0.007752 0.007752 0.007752 0.193798 0.131783 0.054264 0.007752 0.023256 0.240310 0.007752 0.023256 0.023256 0.116279 0.147287 
0.016393 0.016393 0.027322 0.038251 0.213115 0.158470 0.005464 0.027322 0.071038 0.081967 0.071038 0.147541 0.071038 0.005464 0.049180 
0.004049 0.012146 0.230769 0.141700 0.004049 0.060729 0.020243 0.020243 0.125506 0.085020 0.076923 0.093117 0.060729 0.020243 0.044534 
0.069767 0.007752 0.007752 0.023256 0.178295 0.007752 0.116279 0.038760 0.100775 0.193798 0.007752 0.007752 0.100775 0.007752 0.131783 
0.004739 0.099526 0.004739 0.061611 0.033175 0.042654 0.052133 0.004739 0.014218 0.090047 0.033175 0.052133 0.004739 0.383886 0.118483 
0.047120 0.130890 0.015707 0.015707 0.005236 0.026178 0.089005 0.162304 0.109948 0.026178 0.015707 0.068063 0.078534 0.204188 0.005236 
0.005714 0.062857 0.017143 0.005714 0.165714 0.108571 0.005714 0.005714 0.005714 0.062857 0.108571 0.005714 0.040000 0.005714 0.394286 
0.030303 0.272727 0.115152 0.006061 0.018182 0.066667 0.054545 0.054545 0.042424 0.042424 0.042424 0.078788 0.030303 0.006061 0.139394 
0.004566 0.086758 0.068493 0.077626 0.004566 0.141553 0.004566 0.041096 0.013699 0.132420 0.004566 0.031963 0.077626 0.114155 0.196347 
0.005025 0.236181 0.075377 0.015075 0.005025 0.085427 0.115578 0.015075 0.015075 0.005025 0.005025 0.125628 0.185930 0.105528 0.005025 
0.027322 0.049180 0.256831 0.027322 0.038251 0.005464 0.092896 0.027322 0.005464 0.049180 0.038251 0.005464 0.191257 0.027322 0.158470 
0.026178 0.130890 0.047120 0.120419 0.078534 0.005236 0.015707 0.099476 0.015707 0.099476 0.099476 0.015707 0.078534 0.068063 0.099476 
0.018405 0.165644 0.067485 0.030675 0.325153 0.006135 0.006135 0.006135 0.006135 0.128834 0.042945 0.006135 0.018405 0.104294 0.067485 
0.021583 0.007194 0.165468 0.050360 0.179856 0.007194 0.136691 0.021583 0.050360 0.165468 0.007194 0.007194 0.007194 0.165468 0.007194 
0.169811 0.006289 0.006289 0.018868 0.018868 0.044025 0.069182 0.006289 0.144654 0.270440 0.018868 0.044025 0.018868 0.006289 0.157233 
0.060465 0.106977 0.051163 0.013953 0.190698 0.013953 0.116279 0.069767 0.200000 0.004651 0.013953 0.004651 0.032558 0.079070 0.041860 
0.125926 0.007407 0.007407 0.051852 0.140741 0.022222 0.318519 0.051852 0.051852 0.007407 0.051852 0.007407 0.007407 0.037037 0.111111 
0.144385 0.069519 0.080214 0.048128 0.016043 0.016043 0.005348 0.005348 0.133690 0.048128 0.005348 0.005348 0.187166 0.090909 0.144385 
0.012146 0.044534 0.052632 0.004049 0.012146 0.255061 0.165992 0.004049 0.125506 0.004049 0.141700 0.004049 0.036437 0.101215 0.036437 
0.016043 0.016043 0.122995 0.229947 0.080214 0.080214 0.037433 0.005348 0.026738 0.005348 0.005348 0.133690 0.005348 0.229947 0.005348 
0.022222 0.096296 0.051852 0.007407 0.066667 0.155556 0.096296 0.200000 0.022222 0.170370 0.022222 0.007407 0.022222 0.022222 0.037037 
0.053140 0.004831 0.053140 0.429952 0.159420 0.004831 0.024155 0.014493 0.004831 0.033816 0.043478 0.014493 0.072464 0.004831 0.082126 
0.046980 0.006711 0.060403 0.154362 0.221477 0.275168 0.020134 0.020134 0.006711 0.114094 0.006711 0.033557 0.006711 0.006711 0.020134 
0.024876 0.014925 0.054726 0.004975 0.194030 0.014925 0.014925 0.014925 0.373134 0.014925 0.014925 0.084577 0.004975 0.074627 0.094527 
0.053892 0.005988 0.161677 0.065868 0.209581 0.017964 0.089820 0.041916 0.005988 0.149701 0.017964 0.017964 0.077844 0.077844 0.005988 
0.066667 0.025641 0.035897 0.087179 0.025641 0.200000 0.128205 0.005128 0.025641 0.261538 0.015385 0.066667 0.015385 0.005128 0.035897 
0.056410 0.005128 0.066667 0.005128 0.035897 0.025641 0.005128 0.005128 0.056410 0.128205 0.035897 0.107692 0.138462 0.220513 0.107692 
0.004405 0.013216 0.022026 0.074890 0.004405 0.022026 0.127753 0.022026 0.136564 0.171806 0.127753 0.013216 0.013216 0.004405 0.242291 
0.148936 0.106383 0.007092 0.021277 0.007092 0.007092 0.290780 0.148936 0.177305 0.007092 0.007092 0.021277 0.035461 0.007092 0.007092 
0.007194 0.064748 0.035971 0.007194 0.625899 0.007194 0.136691 0.007194 0.007194 0.007194 0.035971 0.007194 0.007194 0.035971 0.007194 
0.008000 0.008000 0.008000 0.088000 0.104000 0.008000 0.040000 0.008000 0.408000 0.008000 0.008000 0.216000 0.008000 0.040000 0.040000 
0.006452 0.006452 0.212903 0.122581 0.006452 0.006452 0.187097 0.096774 0.006452 0.225806 0.006452 0.096774 0.006452 0.006452 0.006452 
0.005525 0.093923 0.005525 0.005525 0.104972 0.016575 0.016575 0.093923 0.226519 0.127072 0.171271 0.005525 0.016575 0.016575 0.093923 
0.006536 0.006536 0.071895 0.032680 0.202614 0.058824 0.084967 0.019608 0.071895 0.006536 0.215686 0.124183 0.058824 0.032680 0.006536 
0.144385 0.101604 0.144385 0.026738 0.005348 0.048128 0.112299 0.208556 0.005348 0.080214 0.005348 0.005348 0.101604 0.005348 0.005348 
0.008130 0.089431 0.008130 0.089431 0.008130 0.138211 0.382114 0.008130 0.008130 0.024390 0.008130 0.121951 0.008130 0.024390 0.073171 
0.006135 0.226994 0.006135 0.104294 0.165644 0.067485 0.079755 0.018405 0.006135 0.042945 0.055215 0.141104 0.030675 0.018405 0.030675 
0.006061 0.066667 0.006061 0.200000 0.090909 0.175758 0.018182 0.066667 0.139394 0.006061 0.006061 0.066667 0.006061 0.139394 0.006061 
0.028902 0.179191 0.109827 0.040462 0.028902 0.005780 0.098266 0.005780 0.156069 0.202312 0.005780 0.075145 0.028902 0.017341 0.017341 
0.027624 0.215470 0.082873 0.071823 0.071823 0.005525 0.237569 0.027624 0.005525 0.016575 0.005525 0.160221 0.005525 0.005525 0.060773 
0.065868 0.101796 0.017964 0.197605 0.137725 0.029940 0.005988 0.005988 0.017964 0.005988 0.029940 0.257485 0.017964 0.101796 0.005988 
0.163399 0.058824 0.006536 0.032680 0.333333 0.006536 0.006536 0.006536 0.006536 0.019608 0.006536 0.045752 0.006536 0.111111 0.189542 
0.006135 0.018405 0.018405 0.018405 0.239264 0.018405 0.042945 0.079755 0.006135 0.104294 0.006135 0.251534 0.042945 0.128834 0.018405 
0.006711 0.033557 0.020134 0.181208 0.006711 0.114094 0.154362 0.006711 0.006711 0.167785 0.020134 0.140940 0.006711 0.127517 0.006711 
0.007407 0.037037 0.007407 0.111111 0.022222 0.037037 0.037037 0.007407 0.185185 0.214815 0.037037 0.007407 0.007407 0.244444 0.037037 
0.062147 0.005650 0.028249 0.118644 0.005650 0.028249 0.129944 0.005650 0.039548 0.096045 0.062147 0.129944 0.152542 0.107345 0.028249 
0.044586 0.006369 0.019108 0.006369 0.019108 0.171975 0.006369 0.019108 0.121019 0.006369 0.261146 0.286624 0.006369 0.006369 0.019108 
0.062147 0.096045 0.039548 0.209040 0.016949 0.005650 0.197740 0.005650 0.039548 0.163842 0.016949 0.005650 0.005650 0.050847 0.084746 
0.058824 0.032680 0.032680 0.320261 0.032680 0.032680 0.006536 0.058824 0.006536 0.084967 0.032680 0.019608 0.006536 0.150327 0.124183 
0.086093 0.112583 0.006623 0.112583 0.072848 0.019868 0.205298 0.006623 0.072848 0.046358 0.006623 0.033113 0.178808 0.019868 0.019868 
0.169811 0.056604 0.006289 0.132075 0.094340 0.106918 0.094340 0.069182 0.006289 0.006289 0.006289 0.132075 0.006289 0.081761 0.031447 
0.071823 0.038674 0.049724 0.104972 0.038674 0.116022 0.016575 0.027624 0.093923 0.005525 0.005525 0.160221 0.005525 0.259669 0.005525 
0.182979 0.165957 0.140426 0.089362 0.089362 0.038298 0.038298 0.055319 0.055319 0.004255 0.004255 0.080851 0.038298 0.012766 0.004255 
0.064748 0.007194 0.007194 0.007194 0.107914 0.007194 0.007194 0.007194 0.021583 0.021583 0.007194 0.237410 0.007194 0.438849 0.050360 
0.142857 0.067669 0.007519 0.007519 0.187970 0.007519 0.248120 0.007519 0.007519 0.007519 0.007519 0.233083 0.022556 0.037594 0.007519 
0.120567 0.078014 0.021277 0.007092 0.460993 0.007092 0.007092 0.007092 0.134752 0.007092 0.035461 0.007092 0.078014 0.021277 0.007092 
0.025126 0.005025 0.025126 0.075377 0.125628 0.045226 0.005025 0.045226 0.005025 0.055276 0.035176 0.045226 0.276382 0.045226 0.185930 
0.006289 0.069182 0.006289 0.006289 0.018868 0.006289 0.194969 0.006289 0.094340 0.006289 0.106918 0.031447 0.207547 0.232704 0.006289 
0.215686 0.006536 0.032680 0.019608 0.267974 0.019608 0.176471 0.006536 0.006536 0.006536 0.006536 0.006536 0.006536 0.137255 0.084967 
0.016043 0.101604 0.026738 0.048128 0.058824 0.155080 0.080214 0.026738 0.005348 0.005348 0.005348 0.229947 0.016043 0.176471 0.048128 
0.017751 0.005917 0.088757 0.100592 0.301775 0.017751 0.195266 0.029586 0.005917 0.088757 0.029586 0.005917 0.029586 0.029586 0.053254 
0.050279 0.061453 0.005587 0.173184 0.117318 0.016760 0.005587 0.039106 0.016760 0.050279 0.229050 0.162011 0.027933 0.005587 0.039106 
0.115207 0.059908 0.105991 0.170507 0.004608 0.013825 0.133641 0.032258 0.023041 0.013825 0.096774 0.078341 0.096774 0.041475 0.013825 
0.033557 0.033557 0.033557 0.167785 0.020134 0.127517 0.087248 0.006711 0.100671 0.006711 0.006711 0.046980 0.114094 0.181208 0.033557 
0.089655 0.034483 0.006897 0.020690 0.006897 0.089655 0.006897 0.006897 0.062069 0.006897 0.006897 0.475862 0.006897 0.131034 0.048276 
0.005587 0.005587 0.005587 0.016760 0.430168 0.005587 0.351955 0.005587 0.016760 0.050279 0.005587 0.005587 0.005587 0.083799 0.005587 
0.164179 0.223881 0.004975 0.134328 0.024876 0.004975 0.094527 0.054726 0.024876 0.014925 0.004975 0.194030 0.024876 0.014925 0.014925 
0.078788 0.054545 0.030303 0.224242 0.212121 0.078788 0.006061 0.018182 0.042424 0.078788 0.018182 0.006061 0.054545 0.066667 0.030303 
0.006211 0.055901 0.192547 0.080745 0.329193 0.018634 0.080745 0.105590 0.018634 0.043478 0.006211 0.006211 0.006211 0.018634 0.031056 
0.007194 0.194245 0.079137 0.280576 0.079137 0.035971 0.007194 0.007194 0.064748 0.050360 0.035971 0.079137 0.007194 0.064748 0.007194 
0.038168 0.007634 0.007634 0.053435 0.083969 0.022901 0.083969 0.007634 0.007634 0.160305 0.007634 0.206107 0.175573 0.068702 0.068702 
0.194245 0.035971 0.021583 0.021583 0.093525 0.021583 0.021583 0.050360 0.007194 0.007194 0.007194 0.136691 0.035971 0.007194 0.338129 
0.004405 0.039648 0.092511 0.022026 0.022026 0.057269 0.013216 0.004405 0.004405 0.127753 0.013216 0.207048 0.022026 0.004405 0.365639 
0.030675 0.042945 0.153374 0.251534 0.055215 0.030675 0.006135 0.006135 0.239264 0.030675 0.006135 0.067485 0.018405 0.055215 0.006135 
0.006803 0.020408 0.006803 0.034014 0.210884 0.006803 0.061224 0.020408 0.020408 0.006803 0.006803 0.074830 0.210884 0.129252 0.183673 
0.147929 0.017751 0.053254 0.005917 0.112426 0.005917 0.100592 0.005917 0.100592 0.005917 0.017751 0.005917 0.112426 0.301775 0.005917 
0.169082 0.004831 0.033816 0.014493 0.004831 0.004831 0.014493 0.004831 0.342995 0.004831 0.014493 0.159420 0.004831 0.217391 0.004831 
0.106145 0.072626 0.005587 0.150838 0.117318 0.005587 0.106145 0.061453 0.016760 0.005587 0.027933 0.016760 0.061453 0.139665 0.106145 
0.181287 0.005848 0.052632 0.005848 0.064327 0.052632 0.029240 0.017544 0.251462 0.052632 0.005848 0.029240 0.005848 0.239766 0.005848 
0.032258 0.006452 0.122581 0.096774 0.019355 0.032258 0.006452 0.019355 0.006452 0.135484 0.006452 0.187097 0.019355 0.070968 0.238710 
0.095477 0.185930 0.065327 0.075377 0.165829 0.035176 0.005025 0.065327 0.005025 0.065327 0.015075 0.135678 0.025126 0.015075 0.045226 
0.066667 0.084444 0.022222 0.235556 0.013333 0.004444 0.031111 0.004444 0.022222 0.022222 0.057778 0.004444 0.066667 0.360000 0.004444 
0.005780 0.156069 0.028902 0.121387 0.005780 0.005780 0.075145 0.005780 0.017341 0.109827 0.005780 0.075145 0.040462 0.341040 0.005780 
0.005525 0.005525 0.005525 0.149171 0.281768 0.016575 0.005525 0.005525 0.193370 0.071823 0.016575 0.016575 0.016575 0.204420 0.005525 
0.022222 0.096296 0.007407 0.170370 0.125926 0.051852 0.214815 0.007407 0.007407 0.022222 0.007407 0.007407 0.081481 0.155556 0.022222 
0.084444 0.004444 0.004444 0.004444 0.137778 0.182222 0.244444 0.004444 0.004444 0.013333 0.022222 0.004444 0.004444 0.280000 0.004444 
0.036269 0.067358 0.025907 0.005181 0.181347 0.015544 0.025907 0.160622 0.015544 0.005181 0.088083 0.139896 0.005181 0.222798 0.005181 
0.073826 0.006711 0.006711 0.006711 0.261745 0.006711 0.006711 0.006711 0.167785 0.100671 0.006711 0.114094 0.006711 0.020134 0.208054 
0.016575 0.005525 0.060773 0.116022 0.348066 0.005525 0.138122 0.071823 0.016575 0.082873 0.005525 0.038674 0.016575 0.071823 0.005525 
0.006061 0.006061 0.006061 0.151515 0.369697 0.054545 0.030303 0.042424 0.090909 0.006061 0.006061 0.042424 0.127273 0.054545 0.006061 
0.042424 0.030303 0.006061 0.066667 0.309091 0.030303 0.042424 0.042424 0.006061 0.006061 0.018182 0.127273 0.151515 0.006061 0.115152 
0.083871 0.006452 0.122581 0.019355 0.045161 0.032258 0.187097 0.032258 0.019355 0.019355 0.006452 0.277419 0.070968 0.045161 0.032258 
0.004444 0.013333 0.057778 0.084444 0.040000 0.004444 0.022222 0.066667 0.004444 0.057778 0.262222 0.226667 0.031111 0.111111 0.013333 
0.058824 0.032680 0.006536 0.019608 0.071895 0.124183 0.019608 0.032680 0.098039 0.058824 0.006536 0.267974 0.006536 0.189542 0.006536 
0.007874 0.007874 0.070866 0.007874 0.007874 0.212598 0.023622 0.102362 0.055118 0.055118 0.133858 0.102362 0.007874 0.181102 0.023622 
0.008000 0.008000 0.056000 0.008000 0.328000 0.056000 0.008000 0.008000 0.056000 0.056000 0.024000 0.088000 0.008000 0.024000 0.264000 
0.015873 0.206349 0.068783 0.005291 0.164021 0.068783 0.015873 0.005291 0.111111 0.079365 0.068783 0.142857 0.005291 0.037037 0.005291 
0.076142 0.025381 0.015228 0.015228 0.197970 0.035533 0.106599 0.025381 0.015228 0.137056 0.086294 0.035533 0.005076 0.197970 0.025381 
0.007519 0.007519 0.052632 0.007519 0.398496 0.052632 0.067669 0.067669 0.007519 0.022556 0.052632 0.067669 0.007519 0.142857 0.037594 
0.200000 0.093878 0.085714 0.036735 0.069388 0.004082 0.159184 0.044898 0.020408 0.004082 0.012245 0.004082 0.020408 0.240816 0.004082 
0.171975 0.006369 0.019108 0.070064 0.006369 0.031847 0.057325 0.019108 0.031847 0.146497 0.006369 0.363057 0.019108 0.044586 0.006369 
0.011952 0.027888 0.171315 0.155378 0.003984 0.075697 0.091633 0.027888 0.043825 0.043825 0.075697 0.075697 0.171315 0.003984 0.019920 
0.006211 0.006211 0.043478 0.018634 0.453416 0.031056 0.006211 0.018634 0.006211 0.006211 0.068323 0.242236 0.006211 0.055901 0.031056 
0.004367 0.013100 0.004367 0.196507 0.013100 0.091703 0.126638 0.030568 0.004367 0.004367 0.048035 0.004367 0.222707 0.021834 0.213974 
0.072000 0.072000 0.008000 0.056000 0.168000 0.008000 0.056000 0.040000 0.248000 0.024000 0.024000 0.152000 0.024000 0.040000 0.008000 
0.094972 0.251397 0.005587 0.050279 0.050279 0.027933 0.027933 0.072626 0.005587 0.005587 0.072626 0.173184 0.016760 0.027933 0.117318 
0.005076 0.015228 0.279188 0.096447 0.086294 0.035533 0.005076 0.015228 0.116751 0.005076 0.015228 0.147208 0.035533 0.126904 0.015228 
0.178378 0.048649 0.081081 0.005405 0.275676 0.070270 0.005405 0.037838 0.027027 0.005405 0.048649 0.070270 0.081081 0.059459 0.005405 
0.072340 0.029787 0.012766 0.021277 0.148936 0.157447 0.021277 0.021277 0.021277 0.080851 0.200000 0.012766 0.004255 0.182979 0.012766 
0.101796 0.005988 0.029940 0.041916 0.209581 0.005988 0.029940 0.005988 0.161677 0.005988 0.149701 0.053892 0.161677 0.029940 0.005988 
0.026087 0.113043 0.008696 0.043478 0.304348 0.113043 0.008696 0.008696 0.026087 0.200000 0.043478 0.026087 0.026087 0.043478 0.008696 
0.082126 0.227053 0.024155 0.120773 0.043478 0.062802 0.004831 0.024155 0.004831 0.227053 0.014493 0.091787 0.004831 0.053140 0.014493 
0.173184 0.173184 0.005587 0.005587 0.139665 0.005587 0.027933 0.005587 0.005587 0.284916 0.072626 0.039106 0.005587 0.005587 0.050279 
0.035533 0.187817 0.015228 0.086294 0.106599 0.005076 0.055838 0.005076 0.005076 0.035533 0.106599 0.045685 0.106599 0.157360 0.045685 
0.280423 0.089947 0.015873 0.047619 0.079365 0.005291 0.047619 0.005291 0.037037 0.005291 0.216931 0.005291 0.111111 0.037037 0.015873 
0.213873 0.144509 0.005780 0.017341 0.005780 0.098266 0.005780 0.005780 0.005780 0.005780 0.005780 0.236994 0.213873 0.017341 0.017341 
0.172775 0.172775 0.005236 0.005236 0.172775 0.005236 0.120419 0.005236 0.036649 0.015707 0.068063 0.057592 0.005236 0.151832 0.005236 
0.248322 0.033557 0.006711 0.154362 0.087248 0.060403 0.006711 0.006711 0.315436 0.033557 0.020134 0.006711 0.006711 0.006711 0.006711 
0.005076 0.157360 0.106599 0.015228 0.340102 0.035533 0.177665 0.015228 0.045685 0.045685 0.005076 0.025381 0.005076 0.005076 0.015228 
0.028571 0.028571 0.257143 0.005714 0.245714 0.005714 0.017143 0.165714 0.028571 0.177143 0.005714 0.005714 0.005714 0.017143 0.005714 
0.005405 0.167568 0.059459 0.145946 0.027027 0.005405 0.016216 0.005405 0.059459 0.091892 0.005405 0.070270 0.091892 0.027027 0.221622 
0.042424 0.054545 0.066667 0.139394 0.018182 0.018182 0.018182 0.066667 0.018182 0.006061 0.018182 0.187879 0.248485 0.066667 0.030303 
0.058201 0.185185 0.015873 0.026455 0.047619 0.121693 0.015873 0.005291 0.015873 0.005291 0.089947 0.185185 0.037037 0.185185 0.005291 
0.076023 0.017544 0.017544 0.076023 0.087719 0.005848 0.052632 0.052632 0.017544 0.029240 0.052632 0.029240 0.017544 0.076023 0.391813 
0.149758 0.246377 0.130435 0.053140 0.091787 0.033816 0.004831 0.004831 0.004831 0.004831 0.014493 0.033816 0.062802 0.159420 0.004831 
0.034014 0.170068 0.006803 0.020408 0.401361 0.006803 0.020408 0.006803 0.088435 0.006803 0.006803 0.142857 0.047619 0.034014 0.006803 
0.234783 0.078261 0.008696 0.008696 0.234783 0.008696 0.078261 0.026087 0.026087 0.095652 0.043478 0.060870 0.078261 0.008696 0.008696 
0.008264 0.008264 0.008264 0.024793 0.256198 0.008264 0.008264 0.008264 0.123967 0.024793 0.090909 0.057851 0.041322 0.057851 0.272727 
0.055276 0.135678 0.226131 0.005025 0.206030 0.065327 0.005025 0.005025 0.055276 0.105528 0.045226 0.005025 0.005025 0.075377 0.005025 
0.042424 0.030303 0.030303 0.018182 0.006061 0.115152 0.078788 0.006061 0.212121 0.018182 0.006061 0.127273 0.006061 0.200000 0.103030 
