0.271967 0.087866 0.188285 0.079498 0.004184 0.004184 0.012552 0.012552 0.037657 0.012552 0.004184 0.012552 0.004184 0.020921 0.246862 
0.040724 0.285068 0.185520 0.013575 0.004525 0.004525 0.076923 0.022624 0.076923 0.013575 0.004525 0.022624 0.067873 0.176471 0.004525 
0.013100 0.362445 0.126638 0.039301 0.030568 0.004367 0.030568 0.013100 0.039301 0.109170 0.126638 0.004367 0.004367 0.030568 0.065502 
0.015228 0.096447 0.005076 0.015228 0.005076 0.055838 0.015228 0.126904 0.055838 0.065990 0.005076 0.005076 0.065990 0.147208 0.319797 
0.018315 0.216117 0.311355 0.150183 0.025641 0.003663 0.018315 0.003663 0.062271 0.010989 0.054945 0.010989 0.003663 0.040293 0.069597 
0.004739 0.165877 0.127962 0.042654 0.118483 0.014218 0.004739 0.004739 0.071090 0.023697 0.004739 0.061611 0.014218 0.033175 0.308057 
0.179916 0.221757 0.305439 0.020921 0.020921 0.046025 0.004184 0.012552 0.012552 0.004184 0.046025 0.004184 0.004184 0.037657 0.079498 
0.015228 0.329949 0.025381 0.025381 0.005076 0.005076 0.005076 0.005076 0.015228 0.005076 0.238579 0.065990 0.055838 0.035533 0.167513 
0.104603 0.255230 0.004184 0.004184 0.012552 0.020921 0.004184 0.004184 0.004184 0.004184 0.355649 0.012552 0.004184 0.012552 0.196653 
0.006536 0.450980 0.006536 0.006536 0.098039 0.032680 0.058824 0.006536 0.006536 0.019608 0.045752 0.006536 0.137255 0.006536 0.111111 
0.111111 0.242798 0.349794 0.127572 0.004115 0.012346 0.012346 0.037037 0.004115 0.037037 0.004115 0.012346 0.004115 0.004115 0.037037 
0.004184 0.154812 0.355649 0.087866 0.020921 0.004184 0.046025 0.004184 0.004184 0.037657 0.004184 0.020921 0.087866 0.046025 0.121339 
0.015075 0.085427 0.085427 0.095477 0.005025 0.055276 0.005025 0.055276 0.165829 0.145729 0.035176 0.005025 0.135678 0.035176 0.075377 
0.004651 0.469767 0.162791 0.051163 0.060465 0.004651 0.013953 0.013953 0.013953 0.004651 0.004651 0.051163 0.041860 0.069767 0.032558 
0.031142 0.190311 0.044983 0.051903 0.003460 0.003460 0.155709 0.010381 0.010381 0.010381 0.044983 0.003460 0.003460 0.238754 0.197232 
0.004608 0.281106 0.032258 0.124424 0.004608 0.069124 0.013825 0.013825 0.041475 0.032258 0.170507 0.023041 0.004608 0.179724 0.004608 
0.189427 0.004405 0.224670 0.004405 0.004405 0.004405 0.004405 0.013216 0.066079 0.004405 0.004405 0.039648 0.083700 0.110132 0.242291 
0.040293 0.172161 0.340659 0.084249 0.003663 0.076923 0.054945 0.032967 0.003663 0.018315 0.010989 0.018315 0.010989 0.098901 0.032967 
0.011152 0.204461 0.026022 0.033457 0.003717 0.100372 0.078067 0.070632 0.033457 0.003717 0.011152 0.033457 0.003717 0.107807 0.278810 
0.019455 0.003891 0.175097 0.035019 0.019455 0.011673 0.003891 0.003891 0.143969 0.042802 0.027237 0.003891 0.050584 0.182879 0.276265 
0.033113 0.536424 0.006623 0.006623 0.006623 0.006623 0.006623 0.099338 0.086093 0.006623 0.006623 0.046358 0.006623 0.006623 0.139073 
0.053140 0.207729 0.053140 0.004831 0.140097 0.004831 0.062802 0.120773 0.062802 0.014493 0.004831 0.033816 0.004831 0.004831 0.227053 
0.074890 0.154185 0.251101 0.022026 0.013216 0.022026 0.013216 0.066079 0.004405 0.004405 0.030837 0.004405 0.110132 0.215859 0.013216 
0.018405 0.312883 0.092025 0.006135 0.006135 0.018405 0.190184 0.018405 0.018405 0.018405 0.006135 0.006135 0.018405 0.165644 0.104294 
0.005405 0.156757 0.027027 0.005405 0.016216 0.124324 0.091892 0.070270 0.005405 0.113514 0.081081 0.005405 0.005405 0.037838 0.254054 
0.005076 0.329949 0.005076 0.015228 0.015228 0.106599 0.005076 0.035533 0.065990 0.005076 0.015228 0.015228 0.025381 0.015228 0.340102 
0.012346 0.102881 0.144033 0.045267 0.045267 0.012346 0.020576 0.012346 0.020576 0.144033 0.028807 0.012346 0.061728 0.316872 0.020576 
0.056604 0.101887 0.147170 0.184906 0.049057 0.011321 0.011321 0.003774 0.026415 0.147170 0.033962 0.064151 0.003774 0.041509 0.116981 
0.002597 0.277922 0.246753 0.064935 0.002597 0.007792 0.002597 0.007792 0.002597 0.007792 0.127273 0.028571 0.002597 0.059740 0.158442 
0.003802 0.019011 0.034221 0.361217 0.019011 0.057034 0.026616 0.125475 0.003802 0.034221 0.003802 0.011407 0.034221 0.155894 0.110266 
0.005714 0.177143 0.074286 0.074286 0.040000 0.005714 0.005714 0.017143 0.028571 0.005714 0.028571 0.028571 0.040000 0.005714 0.462857 
0.062802 0.236715 0.014493 0.024155 0.004831 0.082126 0.043478 0.111111 0.004831 0.024155 0.014493 0.004831 0.004831 0.091787 0.275362 
0.027624 0.016575 0.016575 0.016575 0.005525 0.016575 0.104972 0.182320 0.049724 0.093923 0.215470 0.016575 0.005525 0.226519 0.005525 
0.006623 0.298013 0.006623 0.046358 0.059603 0.006623 0.006623 0.059603 0.046358 0.006623 0.006623 0.006623 0.006623 0.059603 0.377483 
0.015544 0.316062 0.098446 0.036269 0.005181 0.015544 0.025907 0.036269 0.005181 0.005181 0.077720 0.150259 0.005181 0.181347 0.025907 
0.006061 0.369697 0.006061 0.042424 0.006061 0.066667 0.006061 0.296970 0.006061 0.054545 0.030303 0.018182 0.006061 0.006061 0.078788 
0.108434 0.124498 0.004016 0.068273 0.004016 0.004016 0.020080 0.116466 0.004016 0.068273 0.100402 0.020080 0.052209 0.204819 0.100402 
0.004975 0.363184 0.034826 0.034826 0.014925 0.004975 0.034826 0.014925 0.004975 0.004975 0.044776 0.024876 0.004975 0.154229 0.253731 
0.103825 0.191257 0.005464 0.027322 0.081967 0.016393 0.016393 0.147541 0.016393 0.027322 0.060109 0.038251 0.027322 0.114754 0.125683 
0.018727 0.213483 0.295880 0.033708 0.011236 0.003745 0.011236 0.026217 0.003745 0.011236 0.078652 0.018727 0.183521 0.056180 0.033708 
0.002833 0.365439 0.082153 0.133144 0.002833 0.008499 0.053824 0.053824 0.002833 0.076487 0.008499 0.002833 0.099150 0.002833 0.104816 
0.003717 0.174721 0.241636 0.003717 0.003717 0.003717 0.026022 0.011152 0.137546 0.033457 0.003717 0.003717 0.003717 0.189591 0.159851 
0.044776 0.283582 0.004975 0.034826 0.004975 0.034826 0.004975 0.014925 0.034826 0.004975 0.004975 0.004975 0.024876 0.094527 0.402985 
0.084577 0.014925 0.333333 0.004975 0.034826 0.004975 0.024876 0.024876 0.004975 0.064677 0.004975 0.004975 0.004975 0.373134 0.014925 
0.152318 0.033113 0.125828 0.046358 0.006623 0.006623 0.152318 0.072848 0.112583 0.112583 0.006623 0.019868 0.046358 0.006623 0.099338 
0.016393 0.158470 0.049180 0.060109 0.060109 0.005464 0.005464 0.136612 0.103825 0.071038 0.027322 0.049180 0.060109 0.005464 0.191257 
0.071770 0.540670 0.023923 0.033493 0.043062 0.004785 0.052632 0.014354 0.090909 0.004785 0.052632 0.004785 0.043062 0.004785 0.014354 
0.074627 0.313433 0.054726 0.094527 0.024876 0.004975 0.004975 0.034826 0.004975 0.004975 0.064677 0.054726 0.194030 0.064677 0.004975 
0.011952 0.195219 0.011952 0.195219 0.011952 0.003984 0.003984 0.003984 0.011952 0.027888 0.131474 0.059761 0.003984 0.211155 0.115538 
0.004484 0.327354 0.013453 0.031390 0.013453 0.094170 0.004484 0.067265 0.004484 0.121076 0.103139 0.022422 0.156951 0.022422 0.013453 
0.014493 0.468599 0.004831 0.198068 0.004831 0.004831 0.004831 0.053140 0.014493 0.024155 0.004831 0.014493 0.024155 0.024155 0.140097 
0.012552 0.188285 0.163180 0.012552 0.004184 0.012552 0.004184 0.012552 0.020921 0.004184 0.096234 0.062762 0.012552 0.205021 0.188285 
0.023256 0.302326 0.088372 0.060465 0.097674 0.013953 0.004651 0.004651 0.060465 0.004651 0.106977 0.004651 0.032558 0.041860 0.153488 
0.018868 0.295597 0.006289 0.106918 0.056604 0.056604 0.031447 0.018868 0.006289 0.018868 0.018868 0.069182 0.069182 0.031447 0.194969 
0.005236 0.005236 0.047120 0.005236 0.005236 0.036649 0.078534 0.015707 0.015707 0.015707 0.036649 0.005236 0.162304 0.246073 0.319372 
0.005076 0.421320 0.015228 0.005076 0.025381 0.096447 0.065990 0.045685 0.055838 0.025381 0.005076 0.055838 0.025381 0.015228 0.137056 
0.003774 0.018868 0.147170 0.079245 0.003774 0.018868 0.267925 0.026415 0.003774 0.003774 0.018868 0.018868 0.056604 0.003774 0.328302 
0.004184 0.313808 0.046025 0.062762 0.037657 0.079498 0.020921 0.004184 0.020921 0.004184 0.238494 0.012552 0.004184 0.046025 0.104603 
0.005525 0.082873 0.005525 0.005525 0.138122 0.005525 0.071823 0.104972 0.005525 0.049724 0.005525 0.016575 0.171271 0.071823 0.259669 
0.084746 0.288136 0.118644 0.062147 0.028249 0.005650 0.005650 0.005650 0.209040 0.005650 0.039548 0.016949 0.005650 0.005650 0.118644 
0.029240 0.017544 0.029240 0.029240 0.005848 0.087719 0.099415 0.005848 0.263158 0.005848 0.087719 0.005848 0.017544 0.005848 0.309942 
0.019178 0.435616 0.041096 0.260274 0.013699 0.024658 0.002740 0.002740 0.019178 0.013699 0.013699 0.002740 0.046575 0.063014 0.041096 
0.029940 0.005988 0.029940 0.257485 0.065868 0.017964 0.005988 0.077844 0.005988 0.005988 0.065868 0.017964 0.137725 0.053892 0.221557 
0.078014 0.163121 0.219858 0.007092 0.205674 0.021277 0.134752 0.035461 0.035461 0.007092 0.007092 0.007092 0.007092 0.063830 0.007092 
0.017143 0.497143 0.028571 0.017143 0.062857 0.005714 0.028571 0.040000 0.005714 0.017143 0.040000 0.005714 0.108571 0.005714 0.120000 
0.006369 0.554140 0.006369 0.006369 0.006369 0.184713 0.006369 0.070064 0.006369 0.006369 0.006369 0.006369 0.006369 0.006369 0.121019 
0.019920 0.163347 0.011952 0.043825 0.059761 0.019920 0.131474 0.051793 0.003984 0.011952 0.211155 0.003984 0.027888 0.075697 0.163347 
0.005587 0.497207 0.016760 0.083799 0.016760 0.005587 0.005587 0.061453 0.005587 0.027933 0.016760 0.050279 0.106145 0.005587 0.094972 
0.034483 0.210728 0.011494 0.195402 0.003831 0.003831 0.003831 0.011494 0.003831 0.072797 0.003831 0.003831 0.049808 0.011494 0.379310 
0.023411 0.183946 0.177258 0.003344 0.003344 0.010033 0.003344 0.010033 0.010033 0.003344 0.324415 0.003344 0.010033 0.103679 0.130435 
0.004115 0.292181 0.094650 0.053498 0.004115 0.020576 0.037037 0.004115 0.037037 0.020576 0.045267 0.045267 0.004115 0.102881 0.234568 
0.075099 0.272727 0.075099 0.003953 0.003953 0.019763 0.059289 0.003953 0.011858 0.003953 0.043478 0.003953 0.011858 0.264822 0.146245 
0.068783 0.037037 0.216931 0.037037 0.005291 0.005291 0.037037 0.026455 0.058201 0.005291 0.058201 0.015873 0.005291 0.089947 0.333333 
0.003891 0.105058 0.073930 0.027237 0.011673 0.003891 0.175097 0.003891 0.011673 0.120623 0.143969 0.003891 0.019455 0.050584 0.245136 
0.006803 0.088435 0.006803 0.224490 0.006803 0.020408 0.020408 0.074830 0.006803 0.020408 0.074830 0.006803 0.102041 0.006803 0.333333 
0.010909 0.454545 0.069091 0.003636 0.003636 0.003636 0.047273 0.105455 0.010909 0.112727 0.003636 0.090909 0.003636 0.069091 0.010909 
0.006623 0.218543 0.125828 0.019868 0.019868 0.006623 0.006623 0.006623 0.099338 0.178808 0.086093 0.006623 0.152318 0.006623 0.059603 
0.006061 0.030303 0.163636 0.018182 0.042424 0.030303 0.042424 0.042424 0.127273 0.006061 0.151515 0.006061 0.006061 0.006061 0.321212 
0.095023 0.140271 0.049774 0.040724 0.004525 0.049774 0.013575 0.058824 0.004525 0.149321 0.004525 0.004525 0.013575 0.140271 0.230769 
0.094527 0.283582 0.024876 0.084577 0.014925 0.014925 0.014925 0.004975 0.004975 0.004975 0.004975 0.004975 0.034826 0.004975 0.402985 
0.003390 0.206780 0.376271 0.003390 0.003390 0.016949 0.003390 0.003390 0.003390 0.050847 0.138983 0.003390 0.003390 0.030508 0.152542 
0.061453 0.083799 0.162011 0.005587 0.016760 0.039106 0.083799 0.005587 0.005587 0.016760 0.005587 0.027933 0.005587 0.150838 0.329609 
0.064039 0.221675 0.004926 0.014778 0.044335 0.024631 0.044335 0.024631 0.034483 0.182266 0.034483 0.004926 0.004926 0.133005 0.162562 
0.003344 0.137124 0.010033 0.023411 0.076923 0.016722 0.003344 0.123746 0.043478 0.056856 0.190635 0.003344 0.050167 0.063545 0.197324 
0.027237 0.354086 0.011673 0.003891 0.027237 0.011673 0.019455 0.089494 0.027237 0.073930 0.011673 0.003891 0.003891 0.003891 0.330739 
0.054852 0.350211 0.004219 0.004219 0.029536 0.004219 0.004219 0.054852 0.012658 0.054852 0.071730 0.054852 0.004219 0.291139 0.004219 
0.012346 0.209877 0.053498 0.012346 0.012346 0.144033 0.078189 0.012346 0.004115 0.061728 0.004115 0.004115 0.160494 0.218107 0.012346 
0.006289 0.006289 0.144654 0.006289 0.232704 0.006289 0.044025 0.069182 0.006289 0.119497 0.194969 0.006289 0.006289 0.081761 0.069182 
0.086705 0.017341 0.040462 0.028902 0.294798 0.017341 0.075145 0.005780 0.086705 0.052023 0.202312 0.005780 0.005780 0.075145 0.005780 
0.005587 0.206704 0.016760 0.005587 0.284916 0.016760 0.005587 0.005587 0.039106 0.039106 0.150838 0.016760 0.016760 0.150838 0.039106 
0.004367 0.213974 0.144105 0.065502 0.004367 0.091703 0.030568 0.004367 0.013100 0.004367 0.056769 0.082969 0.004367 0.170306 0.109170 
0.005291 0.216931 0.005291 0.015873 0.206349 0.058201 0.005291 0.089947 0.026455 0.037037 0.047619 0.026455 0.037037 0.005291 0.216931 
0.138122 0.060773 0.093923 0.027624 0.093923 0.016575 0.005525 0.016575 0.005525 0.038674 0.049724 0.104972 0.281768 0.016575 0.049724 
0.020134 0.020134 0.073826 0.020134 0.127517 0.127517 0.006711 0.033557 0.046980 0.046980 0.288591 0.033557 0.006711 0.127517 0.020134 
0.174603 0.058201 0.216931 0.089947 0.005291 0.005291 0.142857 0.005291 0.079365 0.111111 0.068783 0.005291 0.005291 0.026455 0.005291 
0.016393 0.027322 0.027322 0.092896 0.081967 0.049180 0.049180 0.005464 0.005464 0.027322 0.092896 0.060109 0.333333 0.125683 0.005464 
0.004695 0.427230 0.145540 0.004695 0.023474 0.014085 0.079812 0.004695 0.014085 0.061033 0.107981 0.042254 0.032864 0.004695 0.032864 
0.005917 0.467456 0.005917 0.029586 0.017751 0.076923 0.041420 0.005917 0.029586 0.041420 0.171598 0.053254 0.029586 0.005917 0.017751 
0.018634 0.229814 0.018634 0.018634 0.180124 0.031056 0.018634 0.031056 0.006211 0.031056 0.031056 0.118012 0.006211 0.204969 0.055901 
0.015707 0.361257 0.089005 0.005236 0.130890 0.015707 0.026178 0.015707 0.005236 0.015707 0.120419 0.162304 0.015707 0.005236 0.015707 
0.005181 0.202073 0.005181 0.015544 0.015544 0.005181 0.046632 0.005181 0.005181 0.005181 0.191710 0.005181 0.481865 0.005181 0.005181 
0.092896 0.081967 0.081967 0.005464 0.147541 0.005464 0.169399 0.005464 0.147541 0.016393 0.005464 0.005464 0.136612 0.005464 0.092896 
0.006061 0.006061 0.006061 0.212121 0.030303 0.127273 0.151515 0.054545 0.054545 0.175758 0.066667 0.018182 0.066667 0.018182 0.006061 
0.004255 0.012766 0.004255 0.174468 0.148936 0.004255 0.029787 0.012766 0.004255 0.004255 0.242553 0.004255 0.063830 0.148936 0.140426 
0.004926 0.211823 0.004926 0.172414 0.014778 0.014778 0.034483 0.034483 0.024631 0.054187 0.004926 0.113300 0.044335 0.211823 0.054187 
0.006135 0.165644 0.030675 0.055215 0.067485 0.042945 0.300613 0.055215 0.018405 0.190184 0.006135 0.006135 0.006135 0.018405 0.030675 
0.027027 0.048649 0.016216 0.016216 0.178378 0.016216 0.005405 0.005405 0.016216 0.286486 0.286486 0.016216 0.005405 0.027027 0.048649 
0.054187 0.211823 0.034483 0.004926 0.014778 0.034483 0.004926 0.004926 0.054187 0.004926 0.300493 0.064039 0.034483 0.073892 0.103448 
0.130435 0.027668 0.280632 0.027668 0.083004 0.003953 0.043478 0.027668 0.083004 0.003953 0.059289 0.003953 0.035573 0.083004 0.106719 
0.004785 0.377990 0.004785 0.090909 0.224880 0.014354 0.052632 0.014354 0.052632 0.004785 0.033493 0.014354 0.004785 0.014354 0.090909 
0.005650 0.096045 0.062147 0.005650 0.073446 0.039548 0.039548 0.096045 0.005650 0.107345 0.118644 0.129944 0.028249 0.096045 0.096045 
0.072000 0.024000 0.008000 0.008000 0.120000 0.008000 0.008000 0.136000 0.184000 0.088000 0.008000 0.008000 0.008000 0.216000 0.104000 
0.005405 0.156757 0.016216 0.070270 0.081081 0.156757 0.005405 0.005405 0.005405 0.135135 0.037838 0.135135 0.005405 0.145946 0.037838 
0.181287 0.005848 0.040936 0.005848 0.029240 0.017544 0.005848 0.005848 0.029240 0.017544 0.017544 0.017544 0.005848 0.251462 0.368421 
0.074286 0.097143 0.005714 0.028571 0.120000 0.017143 0.085714 0.017143 0.028571 0.085714 0.314286 0.085714 0.005714 0.028571 0.005714 
0.006711 0.181208 0.006711 0.154362 0.006711 0.060403 0.167785 0.046980 0.006711 0.020134 0.194631 0.100671 0.020134 0.006711 0.020134 
0.004184 0.004184 0.054393 0.112971 0.037657 0.079498 0.004184 0.029289 0.037657 0.138075 0.380753 0.012552 0.012552 0.012552 0.079498 
0.108571 0.085714 0.028571 0.005714 0.120000 0.051429 0.051429 0.005714 0.131429 0.017143 0.028571 0.097143 0.040000 0.222857 0.005714 
0.104972 0.127072 0.116022 0.016575 0.116022 0.005525 0.138122 0.160221 0.005525 0.016575 0.005525 0.038674 0.093923 0.049724 0.005525 
0.004926 0.024631 0.004926 0.064039 0.172414 0.004926 0.251232 0.064039 0.004926 0.093596 0.034483 0.034483 0.103448 0.014778 0.123153 
0.027624 0.226519 0.016575 0.005525 0.127072 0.016575 0.005525 0.016575 0.093923 0.005525 0.038674 0.038674 0.005525 0.270718 0.104972 
0.008000 0.360000 0.024000 0.008000 0.104000 0.216000 0.056000 0.008000 0.040000 0.008000 0.040000 0.104000 0.008000 0.008000 0.008000 
0.023622 0.149606 0.086614 0.007874 0.228346 0.039370 0.007874 0.086614 0.023622 0.007874 0.023622 0.086614 0.055118 0.007874 0.165354 
0.005348 0.187166 0.016043 0.005348 0.005348 0.005348 0.101604 0.090909 0.016043 0.112299 0.187166 0.176471 0.005348 0.058824 0.026738 
0.005464 0.027322 0.016393 0.027322 0.245902 0.005464 0.081967 0.005464 0.060109 0.049180 0.103825 0.005464 0.136612 0.169399 0.060109 
0.004525 0.221719 0.113122 0.022624 0.076923 0.031674 0.049774 0.013575 0.031674 0.049774 0.004525 0.303167 0.004525 0.049774 0.022624 
0.018868 0.031447 0.119497 0.056604 0.018868 0.006289 0.094340 0.006289 0.006289 0.220126 0.069182 0.106918 0.018868 0.006289 0.220126 
0.063830 0.004255 0.004255 0.029787 0.089362 0.072340 0.123404 0.004255 0.123404 0.097872 0.021277 0.012766 0.106383 0.004255 0.242553 
0.005848 0.251462 0.192982 0.029240 0.076023 0.017544 0.040936 0.040936 0.017544 0.134503 0.005848 0.017544 0.052632 0.005848 0.111111 
0.043478 0.008696 0.095652 0.095652 0.008696 0.113043 0.060870 0.147826 0.130435 0.043478 0.060870 0.078261 0.026087 0.060870 0.026087 
0.062147 0.062147 0.005650 0.152542 0.016949 0.016949 0.333333 0.005650 0.005650 0.016949 0.016949 0.096045 0.039548 0.016949 0.152542 
0.019355 0.200000 0.006452 0.019355 0.006452 0.019355 0.174194 0.096774 0.135484 0.006452 0.006452 0.212903 0.006452 0.006452 0.083871 
0.105691 0.008130 0.008130 0.008130 0.300813 0.073171 0.024390 0.008130 0.252033 0.073171 0.056911 0.056911 0.008130 0.008130 0.008130 
0.008696 0.008696 0.026087 0.043478 0.043478 0.113043 0.043478 0.008696 0.078261 0.008696 0.008696 0.513043 0.078261 0.008696 0.008696 
0.054264 0.007752 0.147287 0.023256 0.085271 0.069767 0.023256 0.007752 0.023256 0.085271 0.007752 0.255814 0.007752 0.178295 0.023256 
0.008403 0.025210 0.025210 0.008403 0.008403 0.109244 0.008403 0.008403 0.176471 0.008403 0.025210 0.428571 0.126050 0.025210 0.008403 
0.112426 0.005917 0.041420 0.029586 0.266272 0.100592 0.088757 0.005917 0.017751 0.053254 0.088757 0.029586 0.005917 0.147929 0.005917 
0.054264 0.007752 0.007752 0.038760 0.116279 0.023256 0.162791 0.007752 0.038760 0.023256 0.100775 0.240310 0.131783 0.038760 0.007752 
0.024000 0.056000 0.056000 0.040000 0.104000 0.008000 0.008000 0.024000 0.296000 0.008000 0.072000 0.216000 0.024000 0.040000 0.024000 
0.045685 0.025381 0.147208 0.137056 0.015228 0.116751 0.106599 0.106599 0.218274 0.005076 0.005076 0.015228 0.015228 0.035533 0.005076 
0.008130 0.024390 0.008130 0.008130 0.024390 0.040650 0.008130 0.024390 0.252033 0.008130 0.040650 0.495935 0.008130 0.040650 0.008130 
0.068063 0.005236 0.130890 0.005236 0.130890 0.036649 0.047120 0.015707 0.109948 0.036649 0.005236 0.130890 0.246073 0.026178 0.005236 
0.004184 0.029289 0.004184 0.071130 0.230126 0.037657 0.012552 0.104603 0.012552 0.238494 0.012552 0.020921 0.004184 0.171548 0.046025 
0.116022 0.027624 0.005525 0.049724 0.138122 0.038674 0.093923 0.082873 0.171271 0.016575 0.127072 0.027624 0.082873 0.016575 0.005525 
0.172996 0.046414 0.029536 0.037975 0.240506 0.004219 0.037975 0.021097 0.004219 0.029536 0.130802 0.105485 0.004219 0.046414 0.088608 
0.020408 0.142857 0.020408 0.020408 0.020408 0.034014 0.102041 0.006803 0.197279 0.006803 0.006803 0.292517 0.061224 0.061224 0.006803 
0.006211 0.006211 0.006211 0.031056 0.465839 0.006211 0.031056 0.006211 0.118012 0.080745 0.043478 0.018634 0.018634 0.118012 0.043478 
0.057325 0.133758 0.057325 0.019108 0.031847 0.019108 0.019108 0.006369 0.044586 0.006369 0.171975 0.312102 0.070064 0.006369 0.044586 
0.006289 0.044025 0.018868 0.119497 0.169811 0.056604 0.182390 0.006289 0.006289 0.194969 0.006289 0.044025 0.006289 0.006289 0.132075 
0.007407 0.007407 0.081481 0.081481 0.111111 0.288889 0.007407 0.007407 0.051852 0.051852 0.007407 0.081481 0.022222 0.007407 0.185185 
0.020690 0.200000 0.006897 0.075862 0.213793 0.048276 0.006897 0.006897 0.034483 0.075862 0.034483 0.186207 0.020690 0.034483 0.034483 
0.007519 0.082707 0.022556 0.067669 0.218045 0.157895 0.007519 0.007519 0.007519 0.052632 0.248120 0.022556 0.022556 0.052632 0.022556 
0.006289 0.006289 0.044025 0.031447 0.006289 0.056604 0.132075 0.006289 0.232704 0.144654 0.018868 0.044025 0.119497 0.006289 0.144654 
0.082873 0.016575 0.005525 0.049724 0.149171 0.071823 0.016575 0.204420 0.060773 0.005525 0.071823 0.104972 0.005525 0.127072 0.027624 
0.069519 0.037433 0.005348 0.005348 0.208556 0.005348 0.144385 0.026738 0.112299 0.016043 0.026738 0.155080 0.122995 0.048128 0.016043 
0.007519 0.127820 0.037594 0.067669 0.007519 0.052632 0.007519 0.007519 0.157895 0.187970 0.082707 0.203008 0.037594 0.007519 0.007519 
0.097345 0.008850 0.026549 0.008850 0.044248 0.008850 0.008850 0.079646 0.026549 0.150442 0.061947 0.451327 0.008850 0.008850 0.008850 
0.031447 0.006289 0.006289 0.069182 0.094340 0.031447 0.018868 0.006289 0.094340 0.182390 0.006289 0.106918 0.018868 0.308176 0.018868 
0.008000 0.008000 0.008000 0.072000 0.024000 0.120000 0.152000 0.008000 0.008000 0.344000 0.040000 0.152000 0.024000 0.008000 0.024000 
0.005525 0.038674 0.005525 0.138122 0.359116 0.027624 0.138122 0.005525 0.082873 0.016575 0.071823 0.005525 0.005525 0.005525 0.093923 
0.046980 0.006711 0.087248 0.020134 0.060403 0.087248 0.006711 0.140940 0.275168 0.060403 0.046980 0.127517 0.006711 0.020134 0.006711 
0.039106 0.005587 0.139665 0.005587 0.340782 0.005587 0.240223 0.005587 0.005587 0.027933 0.072626 0.016760 0.005587 0.039106 0.050279 
0.006993 0.034965 0.020979 0.020979 0.006993 0.020979 0.244755 0.006993 0.146853 0.006993 0.006993 0.216783 0.006993 0.230769 0.020979 
0.006897 0.020690 0.006897 0.034483 0.006897 0.117241 0.048276 0.117241 0.006897 0.006897 0.075862 0.282759 0.006897 0.255172 0.006897 
0.069767 0.085271 0.007752 0.023256 0.054264 0.054264 0.007752 0.116279 0.007752 0.333333 0.007752 0.100775 0.069767 0.054264 0.007752 
0.027322 0.016393 0.005464 0.005464 0.245902 0.147541 0.005464 0.005464 0.016393 0.038251 0.049180 0.311475 0.071038 0.005464 0.049180 
0.068826 0.028340 0.133603 0.141700 0.052632 0.060729 0.004049 0.004049 0.036437 0.141700 0.125506 0.060729 0.133603 0.004049 0.004049 
0.007752 0.054264 0.023256 0.038760 0.007752 0.023256 0.240310 0.054264 0.085271 0.364341 0.054264 0.007752 0.023256 0.007752 0.007752 
0.042654 0.033175 0.004739 0.004739 0.042654 0.004739 0.023697 0.014218 0.080569 0.004739 0.061611 0.033175 0.023697 0.516588 0.109005 
0.005236 0.162304 0.026178 0.005236 0.078534 0.005236 0.130890 0.036649 0.099476 0.026178 0.130890 0.005236 0.047120 0.214660 0.026178 
0.005714 0.005714 0.177143 0.005714 0.005714 0.211429 0.108571 0.005714 0.017143 0.040000 0.062857 0.040000 0.017143 0.005714 0.291429 
0.066667 0.345455 0.042424 0.018182 0.042424 0.030303 0.066667 0.115152 0.054545 0.090909 0.018182 0.006061 0.018182 0.078788 0.006061 
0.013699 0.232877 0.132420 0.004566 0.004566 0.022831 0.031963 0.050228 0.114155 0.068493 0.013699 0.041096 0.059361 0.114155 0.095890 
0.035176 0.336683 0.085427 0.015075 0.005025 0.005025 0.005025 0.005025 0.065327 0.005025 0.015075 0.216080 0.095477 0.095477 0.015075 
0.027322 0.005464 0.245902 0.092896 0.005464 0.005464 0.103825 0.114754 0.027322 0.071038 0.060109 0.081967 0.005464 0.016393 0.136612 
0.026178 0.047120 0.214660 0.120419 0.036649 0.068063 0.068063 0.005236 0.005236 0.068063 0.183246 0.068063 0.005236 0.005236 0.078534 
0.006135 0.190184 0.018405 0.067485 0.116564 0.030675 0.018405 0.006135 0.042945 0.128834 0.030675 0.116564 0.030675 0.177914 0.018405 
0.021583 0.021583 0.093525 0.021583 0.251799 0.021583 0.035971 0.079137 0.079137 0.050360 0.064748 0.093525 0.007194 0.136691 0.021583 
0.069182 0.018868 0.069182 0.044025 0.018868 0.006289 0.006289 0.106918 0.182390 0.333333 0.006289 0.094340 0.006289 0.018868 0.018868 
0.013953 0.116279 0.134884 0.004651 0.265116 0.041860 0.097674 0.004651 0.144186 0.125581 0.004651 0.004651 0.004651 0.032558 0.004651 
0.051852 0.096296 0.081481 0.007407 0.037037 0.066667 0.155556 0.037037 0.200000 0.037037 0.007407 0.066667 0.037037 0.096296 0.022222 
0.272727 0.058824 0.069519 0.048128 0.005348 0.005348 0.037433 0.005348 0.262032 0.026738 0.005348 0.005348 0.133690 0.037433 0.026738 
0.076923 0.036437 0.004049 0.052632 0.004049 0.076923 0.117409 0.020243 0.068826 0.068826 0.198381 0.036437 0.060729 0.093117 0.085020 
0.005348 0.026738 0.016043 0.187166 0.048128 0.058824 0.165775 0.112299 0.005348 0.026738 0.005348 0.048128 0.016043 0.262032 0.016043 
0.007407 0.022222 0.007407 0.037037 0.200000 0.007407 0.066667 0.185185 0.007407 0.200000 0.037037 0.007407 0.007407 0.007407 0.200000 
0.130435 0.033816 0.082126 0.304348 0.043478 0.004831 0.082126 0.004831 0.053140 0.043478 0.033816 0.004831 0.062802 0.024155 0.091787 
0.020134 0.167785 0.033557 0.208054 0.208054 0.033557 0.006711 0.006711 0.020134 0.140940 0.006711 0.073826 0.060403 0.006711 0.006711 
0.014925 0.024876 0.004975 0.034826 0.054726 0.004975 0.074627 0.004975 0.442786 0.004975 0.024876 0.114428 0.024876 0.124378 0.044776 
0.005988 0.113772 0.137725 0.053892 0.197605 0.017964 0.029940 0.017964 0.005988 0.113772 0.005988 0.089820 0.053892 0.137725 0.017964 
0.025641 0.056410 0.015385 0.076923 0.097436 0.015385 0.138462 0.005128 0.087179 0.241026 0.005128 0.138462 0.066667 0.005128 0.025641 
0.015385 0.066667 0.015385 0.015385 0.076923 0.015385 0.025641 0.005128 0.076923 0.200000 0.015385 0.015385 0.189744 0.158974 0.107692 
0.110132 0.013216 0.013216 0.074890 0.022026 0.013216 0.083700 0.013216 0.039648 0.180617 0.101322 0.022026 0.004405 0.004405 0.303965 
0.021277 0.007092 0.049645 0.021277 0.049645 0.007092 0.148936 0.007092 0.432624 0.205674 0.007092 0.007092 0.007092 0.021277 0.007092 
0.021583 0.035971 0.021583 0.021583 0.553957 0.021583 0.050360 0.007194 0.021583 0.064748 0.093525 0.007194 0.007194 0.064748 0.007194 
0.040000 0.008000 0.008000 0.024000 0.200000 0.008000 0.056000 0.024000 0.392000 0.024000 0.008000 0.072000 0.024000 0.104000 0.008000 
0.006452 0.006452 0.045161 0.006452 0.109677 0.006452 0.200000 0.148387 0.045161 0.122581 0.006452 0.238710 0.006452 0.045161 0.006452 
0.060773 0.027624 0.027624 0.127072 0.071823 0.027624 0.005525 0.005525 0.149171 0.060773 0.215470 0.016575 0.016575 0.016575 0.171271 
0.058824 0.098039 0.058824 0.071895 0.045752 0.006536 0.019608 0.006536 0.111111 0.111111 0.098039 0.241830 0.019608 0.019608 0.032680 
0.026738 0.122995 0.048128 0.037433 0.080214 0.005348 0.005348 0.080214 0.122995 0.005348 0.016043 0.187166 0.155080 0.005348 0.101604 
0.008130 0.089431 0.024390 0.008130 0.219512 0.121951 0.365854 0.008130 0.089431 0.008130 0.008130 0.024390 0.008130 0.008130 0.008130 
0.030675 0.092025 0.030675 0.116564 0.165644 0.141104 0.006135 0.006135 0.190184 0.006135 0.006135 0.141104 0.006135 0.055215 0.006135 
0.018182 0.006061 0.006061 0.187879 0.248485 0.018182 0.030303 0.103030 0.054545 0.054545 0.018182 0.139394 0.006061 0.006061 0.103030 
0.005780 0.213873 0.075145 0.040462 0.052023 0.017341 0.005780 0.052023 0.225434 0.202312 0.005780 0.075145 0.005780 0.017341 0.005780 
0.116022 0.038674 0.005525 0.104972 0.182320 0.038674 0.281768 0.016575 0.005525 0.005525 0.071823 0.016575 0.027624 0.005525 0.082873 
0.125749 0.005988 0.005988 0.065868 0.269461 0.041916 0.005988 0.005988 0.005988 0.005988 0.005988 0.281437 0.017964 0.041916 0.113772 
0.215686 0.032680 0.019608 0.019608 0.137255 0.019608 0.032680 0.019608 0.006536 0.019608 0.006536 0.006536 0.006536 0.254902 0.202614 
0.042945 0.030675 0.018405 0.092025 0.288344 0.030675 0.030675 0.042945 0.030675 0.067485 0.006135 0.141104 0.018405 0.153374 0.006135 
0.087248 0.033557 0.020134 0.006711 0.006711 0.006711 0.181208 0.033557 0.087248 0.140940 0.033557 0.060403 0.020134 0.167785 0.114094 
0.140741 0.007407 0.022222 0.066667 0.096296 0.007407 0.037037 0.007407 0.096296 0.244444 0.007407 0.066667 0.007407 0.155556 0.037037 
0.016949 0.028249 0.073446 0.129944 0.005650 0.005650 0.197740 0.005650 0.005650 0.175141 0.005650 0.141243 0.129944 0.005650 0.073446 
0.006369 0.031847 0.006369 0.006369 0.031847 0.057325 0.095541 0.057325 0.031847 0.006369 0.184713 0.375796 0.019108 0.082803 0.006369 
0.005650 0.073446 0.050847 0.107345 0.005650 0.016949 0.367232 0.016949 0.039548 0.084746 0.005650 0.084746 0.016949 0.005650 0.118644 
0.176471 0.006536 0.032680 0.111111 0.294118 0.006536 0.019608 0.006536 0.032680 0.071895 0.006536 0.006536 0.006536 0.084967 0.137255 
0.059603 0.019868 0.006623 0.006623 0.019868 0.006623 0.019868 0.046358 0.046358 0.006623 0.072848 0.284768 0.192053 0.086093 0.125828 
0.094340 0.031447 0.006289 0.132075 0.069182 0.006289 0.006289 0.031447 0.031447 0.006289 0.056604 0.358491 0.006289 0.119497 0.044025 
0.005525 0.071823 0.082873 0.060773 0.016575 0.005525 0.016575 0.005525 0.127072 0.038674 0.005525 0.226519 0.027624 0.303867 0.005525 
0.259574 0.123404 0.012766 0.157447 0.165957 0.004255 0.063830 0.072340 0.055319 0.004255 0.012766 0.046809 0.004255 0.004255 0.012766 
0.050360 0.007194 0.021583 0.035971 0.093525 0.007194 0.021583 0.007194 0.007194 0.007194 0.007194 0.309353 0.050360 0.366906 0.007194 
0.127820 0.007519 0.022556 0.007519 0.082707 0.007519 0.142857 0.007519 0.007519 0.007519 0.007519 0.383459 0.022556 0.067669 0.097744 
0.163121 0.078014 0.007092 0.007092 0.361702 0.092199 0.007092 0.007092 0.148936 0.021277 0.021277 0.021277 0.035461 0.021277 0.007092 
0.005025 0.005025 0.115578 0.025126 0.185930 0.025126 0.005025 0.005025 0.015075 0.125628 0.005025 0.035176 0.115578 0.105528 0.226131 
0.006289 0.106918 0.031447 0.018868 0.031447 0.018868 0.132075 0.018868 0.069182 0.044025 0.106918 0.044025 0.094340 0.270440 0.006289 
0.137255 0.084967 0.058824 0.006536 0.294118 0.006536 0.137255 0.006536 0.019608 0.032680 0.006536 0.124183 0.019608 0.058824 0.006536 
0.005348 0.005348 0.026738 0.026738 0.080214 0.005348 0.005348 0.090909 0.122995 0.016043 0.037433 0.219251 0.037433 0.315508 0.005348 
0.005917 0.005917 0.207101 0.029586 0.349112 0.088757 0.029586 0.005917 0.053254 0.005917 0.029586 0.147929 0.005917 0.017751 0.017751 
0.027933 0.072626 0.162011 0.150838 0.217877 0.005587 0.005587 0.005587 0.005587 0.016760 0.083799 0.072626 0.005587 0.162011 0.005587 
0.105991 0.004608 0.105991 0.152074 0.004608 0.004608 0.087558 0.115207 0.004608 0.004608 0.152074 0.115207 0.124424 0.004608 0.013825 
0.033557 0.046980 0.020134 0.181208 0.006711 0.033557 0.006711 0.006711 0.114094 0.006711 0.020134 0.208054 0.020134 0.261745 0.033557 
0.062069 0.006897 0.006897 0.048276 0.020690 0.006897 0.089655 0.103448 0.006897 0.062069 0.020690 0.351724 0.006897 0.158621 0.048276 
0.050279 0.005587 0.005587 0.005587 0.441341 0.005587 0.217877 0.005587 0.005587 0.016760 0.005587 0.150838 0.005587 0.072626 0.005587 
0.194030 0.004975 0.084577 0.064677 0.044776 0.024876 0.084577 0.004975 0.014925 0.094527 0.004975 0.154229 0.004975 0.124378 0.094527 
0.103030 0.030303 0.090909 0.078788 0.066667 0.139394 0.006061 0.018182 0.066667 0.090909 0.006061 0.078788 0.078788 0.139394 0.006061 
0.006211 0.006211 0.142857 0.130435 0.093168 0.006211 0.142857 0.031056 0.180124 0.018634 0.018634 0.031056 0.018634 0.167702 0.006211 
0.035971 0.107914 0.151079 0.136691 0.064748 0.165468 0.007194 0.035971 0.007194 0.050360 0.007194 0.021583 0.021583 0.179856 0.007194 
0.053435 0.007634 0.022901 0.083969 0.083969 0.007634 0.007634 0.038168 0.099237 0.267176 0.022901 0.007634 0.129771 0.145038 0.022901 
0.064748 0.165468 0.007194 0.007194 0.021583 0.021583 0.007194 0.050360 0.021583 0.107914 0.007194 0.237410 0.050360 0.107914 0.122302 
0.004405 0.004405 0.004405 0.224670 0.030837 0.030837 0.004405 0.013216 0.013216 0.057269 0.004405 0.154185 0.004405 0.022026 0.427313 
0.006135 0.006135 0.190184 0.214724 0.067485 0.006135 0.006135 0.104294 0.153374 0.018405 0.055215 0.079755 0.030675 0.055215 0.006135 
0.006803 0.047619 0.047619 0.006803 0.197279 0.006803 0.006803 0.061224 0.006803 0.006803 0.020408 0.210884 0.210884 0.129252 0.034014 
0.041420 0.017751 0.041420 0.029586 0.017751 0.076923 0.088757 0.005917 0.100592 0.005917 0.017751 0.147929 0.065089 0.313609 0.029586 
0.227053 0.004831 0.091787 0.024155 0.014493 0.004831 0.004831 0.033816 0.227053 0.004831 0.033816 0.091787 0.004831 0.198068 0.033816 
0.150838 0.027933 0.106145 0.061453 0.106145 0.027933 0.061453 0.005587 0.061453 0.016760 0.005587 0.139665 0.050279 0.139665 0.039106 
0.204678 0.017544 0.005848 0.017544 0.052632 0.005848 0.017544 0.017544 0.239766 0.017544 0.017544 0.192982 0.005848 0.181287 0.005848 
0.058065 0.045161 0.058065 0.058065 0.135484 0.019355 0.006452 0.032258 0.032258 0.122581 0.006452 0.148387 0.019355 0.122581 0.135484 
0.105528 0.185930 0.015075 0.105528 0.165829 0.005025 0.015075 0.085427 0.065327 0.005025 0.005025 0.105528 0.015075 0.085427 0.035176 
0.120000 0.075556 0.004444 0.013333 0.057778 0.004444 0.093333 0.013333 0.031111 0.013333 0.004444 0.075556 0.066667 0.422222 0.004444 
0.005780 0.086705 0.063584 0.098266 0.040462 0.005780 0.075145 0.005780 0.028902 0.086705 0.028902 0.028902 0.005780 0.352601 0.086705 
0.005525 0.005525 0.104972 0.060773 0.292818 0.016575 0.005525 0.016575 0.149171 0.016575 0.005525 0.027624 0.005525 0.270718 0.016575 
0.007407 0.066667 0.022222 0.185185 0.229630 0.007407 0.007407 0.066667 0.170370 0.051852 0.037037 0.007407 0.037037 0.096296 0.007407 
0.137778 0.004444 0.102222 0.004444 0.128889 0.084444 0.137778 0.013333 0.031111 0.004444 0.031111 0.013333 0.004444 0.288889 0.013333 
0.015544 0.036269 0.005181 0.005181 0.025907 0.005181 0.005181 0.139896 0.015544 0.005181 0.119171 0.367876 0.005181 0.243523 0.005181 
0.020134 0.006711 0.033557 0.006711 0.275168 0.006711 0.046980 0.020134 0.315436 0.127517 0.006711 0.006711 0.046980 0.006711 0.073826 
0.005525 0.005525 0.027624 0.071823 0.193370 0.038674 0.259669 0.093923 0.049724 0.071823 0.027624 0.093923 0.016575 0.016575 0.027624 
0.018182 0.127273 0.006061 0.030303 0.466667 0.066667 0.030303 0.006061 0.018182 0.042424 0.006061 0.006061 0.151515 0.006061 0.018182 
0.006061 0.006061 0.006061 0.018182 0.321212 0.066667 0.054545 0.006061 0.042424 0.030303 0.066667 0.175758 0.127273 0.006061 0.066667 
0.083871 0.006452 0.070968 0.019355 0.019355 0.006452 0.200000 0.109677 0.122581 0.006452 0.019355 0.174194 0.058065 0.096774 0.006452 
0.004444 0.066667 0.146667 0.075556 0.128889 0.013333 0.004444 0.022222 0.031111 0.048889 0.102222 0.208889 0.040000 0.084444 0.022222 
0.006536 0.045752 0.032680 0.006536 0.058824 0.163399 0.032680 0.032680 0.006536 0.045752 0.006536 0.294118 0.006536 0.254902 0.006536 
0.007874 0.023622 0.086614 0.039370 0.133858 0.007874 0.007874 0.086614 0.102362 0.149606 0.023622 0.196850 0.023622 0.086614 0.023622 
0.008000 0.008000 0.008000 0.008000 0.264000 0.008000 0.024000 0.152000 0.152000 0.248000 0.008000 0.024000 0.056000 0.008000 0.024000 
0.026455 0.195767 0.068783 0.005291 0.291005 0.005291 0.005291 0.015873 0.037037 0.015873 0.005291 0.185185 0.005291 0.005291 0.132275 
0.137056 0.045685 0.005076 0.005076 0.157360 0.045685 0.045685 0.005076 0.076142 0.096447 0.015228 0.005076 0.015228 0.329949 0.015228 
0.007519 0.007519 0.022556 0.007519 0.428571 0.007519 0.037594 0.037594 0.112782 0.052632 0.007519 0.007519 0.007519 0.233083 0.022556 
0.216327 0.012245 0.004082 0.028571 0.028571 0.044898 0.036735 0.036735 0.036735 0.061224 0.102041 0.004082 0.004082 0.314286 0.069388 
0.171975 0.006369 0.044586 0.095541 0.019108 0.019108 0.070064 0.006369 0.006369 0.197452 0.019108 0.171975 0.006369 0.159236 0.006369 
0.003984 0.003984 0.266932 0.099602 0.003984 0.011952 0.187251 0.003984 0.035857 0.011952 0.035857 0.043825 0.250996 0.003984 0.035857 
0.006211 0.018634 0.031056 0.006211 0.329193 0.055901 0.006211 0.006211 0.006211 0.018634 0.031056 0.304348 0.006211 0.105590 0.068323 
0.004367 0.082969 0.004367 0.109170 0.065502 0.013100 0.152838 0.021834 0.004367 0.030568 0.004367 0.004367 0.152838 0.004367 0.344978 
0.072000 0.008000 0.120000 0.008000 0.152000 0.024000 0.024000 0.040000 0.040000 0.024000 0.056000 0.312000 0.008000 0.024000 0.088000 
0.139665 0.083799 0.016760 0.027933 0.251397 0.039106 0.005587 0.083799 0.039106 0.016760 0.061453 0.016760 0.027933 0.061453 0.128492 
0.025381 0.025381 0.258883 0.055838 0.055838 0.005076 0.035533 0.015228 0.005076 0.005076 0.106599 0.238579 0.106599 0.055838 0.005076 
0.221622 0.016216 0.081081 0.005405 0.232432 0.059459 0.005405 0.005405 0.005405 0.016216 0.027027 0.027027 0.135135 0.156757 0.005405 
0.012766 0.012766 0.004255 0.055319 0.106383 0.123404 0.055319 0.097872 0.029787 0.123404 0.106383 0.012766 0.012766 0.191489 0.055319 
0.005988 0.005988 0.161677 0.029940 0.221557 0.029940 0.005988 0.029940 0.065868 0.077844 0.209581 0.005988 0.125749 0.005988 0.017964 
0.060870 0.078261 0.008696 0.008696 0.460870 0.008696 0.026087 0.008696 0.008696 0.234783 0.008696 0.043478 0.026087 0.008696 0.008696 
0.024155 0.256039 0.004831 0.188406 0.033816 0.004831 0.033816 0.004831 0.014493 0.159420 0.120773 0.062802 0.024155 0.062802 0.004831 
0.184358 0.117318 0.005587 0.083799 0.016760 0.005587 0.061453 0.027933 0.005587 0.162011 0.027933 0.262570 0.005587 0.027933 0.005587 
0.035533 0.126904 0.106599 0.005076 0.015228 0.005076 0.005076 0.045685 0.065990 0.035533 0.096447 0.167513 0.126904 0.157360 0.005076 
0.216931 0.132275 0.079365 0.005291 0.015873 0.005291 0.005291 0.015873 0.058201 0.005291 0.132275 0.164021 0.121693 0.005291 0.037037 
0.213873 0.132948 0.017341 0.017341 0.075145 0.005780 0.005780 0.040462 0.005780 0.005780 0.028902 0.190751 0.248555 0.005780 0.005780 
0.235602 0.298429 0.026178 0.068063 0.015707 0.015707 0.036649 0.005236 0.026178 0.015707 0.015707 0.204188 0.005236 0.005236 0.026178 
0.248322 0.006711 0.020134 0.127517 0.033557 0.020134 0.006711 0.006711 0.208054 0.167785 0.006711 0.127517 0.006711 0.006711 0.006711 
0.005076 0.116751 0.096447 0.065990 0.238579 0.208122 0.065990 0.015228 0.005076 0.096447 0.015228 0.015228 0.015228 0.025381 0.015228 
0.062857 0.097143 0.131429 0.017143 0.222857 0.005714 0.108571 0.120000 0.005714 0.200000 0.005714 0.005714 0.005714 0.005714 0.005714 
0.027027 0.210811 0.027027 0.016216 0.189189 0.027027 0.005405 0.005405 0.027027 0.167568 0.005405 0.037838 0.113514 0.037838 0.102703 
0.042424 0.054545 0.030303 0.127273 0.006061 0.006061 0.018182 0.018182 0.006061 0.006061 0.187879 0.248485 0.187879 0.054545 0.006061 
0.015873 0.174603 0.058201 0.015873 0.089947 0.121693 0.005291 0.005291 0.058201 0.015873 0.026455 0.164021 0.047619 0.153439 0.047619 
0.064327 0.099415 0.099415 0.005848 0.204678 0.005848 0.040936 0.005848 0.040936 0.005848 0.005848 0.005848 0.005848 0.005848 0.403509 
0.091787 0.285024 0.043478 0.072464 0.101449 0.004831 0.024155 0.053140 0.004831 0.062802 0.014493 0.014493 0.043478 0.169082 0.014493 
0.061224 0.020408 0.129252 0.006803 0.333333 0.061224 0.006803 0.006803 0.142857 0.006803 0.006803 0.006803 0.034014 0.142857 0.034014 
0.113043 0.060870 0.026087 0.008696 0.078261 0.026087 0.060870 0.008696 0.043478 0.252174 0.008696 0.252174 0.043478 0.008696 0.008696 
0.041322 0.008264 0.008264 0.008264 0.289256 0.024793 0.024793 0.041322 0.041322 0.008264 0.024793 0.107438 0.024793 0.140496 0.206612 
0.095477 0.175879 0.145729 0.125628 0.135678 0.005025 0.035176 0.005025 0.045226 0.065327 0.045226 0.005025 0.025126 0.005025 0.085427 
0.006061 0.042424 0.006061 0.018182 0.006061 0.006061 0.127273 0.054545 0.200000 0.030303 0.006061 0.139394 0.006061 0.248485 0.103030 
