0.138075 0.096234 0.163180 0.138075 0.004184 0.012552 0.012552 0.004184 0.121339 0.054393 0.004184 0.012552 0.004184 0.079498 0.154812 
0.022624 0.294118 0.149321 0.104072 0.031674 0.004525 0.076923 0.004525 0.058824 0.004525 0.022624 0.004525 0.067873 0.104072 0.049774 
0.030568 0.344978 0.187773 0.065502 0.004367 0.004367 0.091703 0.030568 0.056769 0.004367 0.074236 0.021834 0.013100 0.013100 0.056769 
0.025381 0.096447 0.005076 0.187817 0.015228 0.005076 0.015228 0.086294 0.045685 0.076142 0.005076 0.005076 0.015228 0.015228 0.401015 
0.032967 0.054945 0.076923 0.194139 0.018315 0.025641 0.003663 0.047619 0.069597 0.010989 0.135531 0.120879 0.018315 0.003663 0.186813 
0.004739 0.175355 0.052133 0.090047 0.184834 0.061611 0.004739 0.014218 0.023697 0.004739 0.014218 0.004739 0.023697 0.004739 0.336493 
0.129707 0.213389 0.313808 0.020921 0.020921 0.012552 0.004184 0.029289 0.012552 0.004184 0.012552 0.004184 0.004184 0.079498 0.138075 
0.005076 0.258883 0.005076 0.005076 0.025381 0.005076 0.005076 0.025381 0.106599 0.035533 0.167513 0.005076 0.076142 0.055838 0.218274 
0.079498 0.338912 0.004184 0.112971 0.004184 0.037657 0.004184 0.004184 0.004184 0.004184 0.179916 0.046025 0.004184 0.004184 0.171548 
0.006536 0.254902 0.071895 0.019608 0.019608 0.032680 0.032680 0.006536 0.006536 0.071895 0.006536 0.045752 0.137255 0.006536 0.281046 
0.020576 0.209877 0.423868 0.004115 0.037037 0.012346 0.037037 0.053498 0.061728 0.004115 0.078189 0.004115 0.004115 0.037037 0.012346 
0.012552 0.138075 0.238494 0.138075 0.020921 0.020921 0.012552 0.096234 0.004184 0.054393 0.112971 0.004184 0.071130 0.012552 0.062762 
0.216080 0.165829 0.025126 0.115578 0.015075 0.075377 0.005025 0.005025 0.005025 0.095477 0.135678 0.005025 0.025126 0.065327 0.045226 
0.004651 0.283721 0.274419 0.069767 0.097674 0.069767 0.004651 0.004651 0.004651 0.004651 0.004651 0.023256 0.041860 0.004651 0.106977 
0.003460 0.197232 0.003460 0.148789 0.031142 0.017301 0.114187 0.003460 0.010381 0.003460 0.072664 0.010381 0.017301 0.121107 0.245675 
0.013825 0.364055 0.096774 0.133641 0.004608 0.078341 0.013825 0.050691 0.059908 0.013825 0.078341 0.004608 0.004608 0.032258 0.050691 
0.215859 0.022026 0.101322 0.066079 0.004405 0.013216 0.004405 0.004405 0.066079 0.004405 0.013216 0.013216 0.039648 0.013216 0.418502 
0.003663 0.223443 0.355311 0.032967 0.054945 0.091575 0.032967 0.003663 0.010989 0.018315 0.025641 0.025641 0.010989 0.010989 0.098901 
0.003717 0.092937 0.018587 0.055762 0.018587 0.018587 0.026022 0.167286 0.070632 0.018587 0.026022 0.033457 0.011152 0.055762 0.382900 
0.003891 0.112840 0.027237 0.214008 0.035019 0.003891 0.073930 0.027237 0.105058 0.011673 0.011673 0.011673 0.058366 0.003891 0.299611 
0.006623 0.470199 0.006623 0.019868 0.033113 0.019868 0.006623 0.006623 0.125828 0.006623 0.006623 0.019868 0.006623 0.086093 0.178808 
0.062802 0.159420 0.111111 0.004831 0.004831 0.130435 0.004831 0.072464 0.053140 0.024155 0.024155 0.072464 0.004831 0.033816 0.236715 
0.039648 0.162996 0.215859 0.013216 0.013216 0.004405 0.030837 0.092511 0.004405 0.022026 0.004405 0.048458 0.092511 0.101322 0.154185 
0.006135 0.226994 0.006135 0.067485 0.006135 0.079755 0.153374 0.018405 0.042945 0.018405 0.018405 0.006135 0.006135 0.104294 0.239264 
0.005405 0.070270 0.037838 0.070270 0.005405 0.027027 0.027027 0.059459 0.059459 0.156757 0.005405 0.048649 0.005405 0.016216 0.405405 
0.015228 0.309645 0.015228 0.005076 0.025381 0.086294 0.015228 0.015228 0.045685 0.005076 0.086294 0.005076 0.015228 0.096447 0.258883 
0.045267 0.135802 0.185185 0.242798 0.012346 0.004115 0.004115 0.028807 0.012346 0.152263 0.004115 0.020576 0.028807 0.020576 0.102881 
0.049057 0.313208 0.064151 0.003774 0.026415 0.003774 0.003774 0.003774 0.003774 0.162264 0.071698 0.124528 0.116981 0.041509 0.011321 
0.002597 0.267532 0.210390 0.200000 0.007792 0.007792 0.023377 0.059740 0.033766 0.002597 0.137662 0.002597 0.002597 0.012987 0.028571 
0.003802 0.003802 0.003802 0.498099 0.026616 0.064639 0.057034 0.110266 0.003802 0.011407 0.072243 0.011407 0.079848 0.034221 0.019011 
0.017143 0.268571 0.131429 0.040000 0.051429 0.005714 0.005714 0.005714 0.028571 0.005714 0.005714 0.005714 0.005714 0.062857 0.360000 
0.014493 0.256039 0.004831 0.082126 0.004831 0.004831 0.033816 0.111111 0.004831 0.004831 0.024155 0.004831 0.004831 0.120773 0.323671 
0.082873 0.104972 0.005525 0.060773 0.027624 0.005525 0.016575 0.127072 0.005525 0.160221 0.149171 0.027624 0.016575 0.116022 0.093923 
0.006623 0.430464 0.006623 0.033113 0.019868 0.019868 0.006623 0.033113 0.059603 0.006623 0.046358 0.072848 0.006623 0.033113 0.218543 
0.077720 0.326425 0.005181 0.222798 0.005181 0.005181 0.036269 0.015544 0.056995 0.015544 0.108808 0.098446 0.015544 0.005181 0.005181 
0.006061 0.381818 0.006061 0.054545 0.042424 0.078788 0.006061 0.224242 0.006061 0.006061 0.006061 0.018182 0.006061 0.006061 0.151515 
0.108434 0.156627 0.020080 0.052209 0.004016 0.004016 0.012048 0.156627 0.004016 0.068273 0.140562 0.020080 0.020080 0.148594 0.084337 
0.014925 0.104478 0.034826 0.144279 0.014925 0.014925 0.004975 0.004975 0.004975 0.004975 0.134328 0.004975 0.014925 0.114428 0.383085 
0.027322 0.442623 0.016393 0.049180 0.005464 0.005464 0.027322 0.125683 0.005464 0.038251 0.005464 0.005464 0.005464 0.169399 0.071038 
0.063670 0.108614 0.220974 0.071161 0.003745 0.003745 0.018727 0.018727 0.003745 0.018727 0.056180 0.018727 0.153558 0.183521 0.056180 
0.002833 0.354108 0.002833 0.155807 0.002833 0.002833 0.036827 0.002833 0.008499 0.053824 0.019830 0.002833 0.218130 0.014164 0.121813 
0.003717 0.263941 0.144981 0.003717 0.003717 0.003717 0.063197 0.011152 0.115242 0.018587 0.003717 0.003717 0.026022 0.048327 0.286245 
0.004975 0.383085 0.004975 0.094527 0.004975 0.004975 0.004975 0.034826 0.024876 0.034826 0.004975 0.044776 0.044776 0.024876 0.283582 
0.074627 0.064677 0.293532 0.124378 0.084577 0.004975 0.004975 0.004975 0.034826 0.004975 0.004975 0.084577 0.004975 0.184080 0.024876 
0.165563 0.072848 0.019868 0.006623 0.033113 0.046358 0.099338 0.072848 0.086093 0.006623 0.006623 0.006623 0.139073 0.152318 0.086093 
0.005464 0.147541 0.005464 0.027322 0.005464 0.027322 0.005464 0.038251 0.081967 0.016393 0.071038 0.158470 0.071038 0.016393 0.322404 
0.081340 0.416268 0.014354 0.004785 0.043062 0.004785 0.100478 0.004785 0.004785 0.004785 0.004785 0.004785 0.081340 0.033493 0.196172 
0.104478 0.203980 0.014925 0.054726 0.014925 0.014925 0.004975 0.104478 0.084577 0.004975 0.104478 0.004975 0.174129 0.014925 0.094527 
0.011952 0.155378 0.003984 0.330677 0.019920 0.003984 0.019920 0.035857 0.099602 0.067729 0.067729 0.043825 0.003984 0.083665 0.051793 
0.004484 0.273543 0.013453 0.004484 0.004484 0.031390 0.004484 0.067265 0.013453 0.130045 0.112108 0.004484 0.174888 0.094170 0.067265 
0.004831 0.429952 0.111111 0.130435 0.043478 0.004831 0.004831 0.004831 0.053140 0.024155 0.004831 0.024155 0.140097 0.014493 0.004831 
0.004184 0.280335 0.046025 0.079498 0.020921 0.037657 0.004184 0.012552 0.004184 0.104603 0.062762 0.054393 0.012552 0.062762 0.213389 
0.004651 0.441860 0.051163 0.004651 0.004651 0.004651 0.004651 0.032558 0.079070 0.023256 0.144186 0.013953 0.106977 0.060465 0.023256 
0.006289 0.371069 0.044025 0.031447 0.006289 0.132075 0.006289 0.069182 0.006289 0.006289 0.006289 0.081761 0.069182 0.044025 0.119497 
0.026178 0.015707 0.015707 0.005236 0.005236 0.005236 0.068063 0.005236 0.036649 0.015707 0.026178 0.005236 0.204188 0.298429 0.267016 
0.005076 0.421320 0.025381 0.015228 0.015228 0.106599 0.096447 0.065990 0.005076 0.005076 0.005076 0.126904 0.005076 0.005076 0.096447 
0.003774 0.086792 0.011321 0.011321 0.064151 0.018868 0.245283 0.003774 0.086792 0.049057 0.011321 0.026415 0.026415 0.003774 0.350943 
0.046025 0.414226 0.004184 0.096234 0.020921 0.046025 0.004184 0.020921 0.020921 0.004184 0.255230 0.012552 0.004184 0.037657 0.012552 
0.093923 0.093923 0.016575 0.060773 0.016575 0.060773 0.049724 0.038674 0.005525 0.038674 0.071823 0.016575 0.116022 0.016575 0.303867 
0.016949 0.186441 0.084746 0.028249 0.050847 0.005650 0.016949 0.005650 0.005650 0.084746 0.005650 0.084746 0.005650 0.039548 0.378531 
0.017544 0.005848 0.029240 0.005848 0.005848 0.005848 0.263158 0.005848 0.216374 0.017544 0.134503 0.017544 0.005848 0.099415 0.169591 
0.002740 0.413699 0.068493 0.271233 0.030137 0.008219 0.002740 0.002740 0.002740 0.041096 0.002740 0.024658 0.030137 0.041096 0.057534 
0.005988 0.029940 0.089820 0.113772 0.029940 0.005988 0.005988 0.005988 0.065868 0.005988 0.113772 0.197605 0.041916 0.005988 0.281437 
0.035461 0.234043 0.163121 0.007092 0.007092 0.290780 0.021277 0.007092 0.007092 0.021277 0.120567 0.021277 0.007092 0.021277 0.035461 
0.017143 0.462857 0.005714 0.040000 0.005714 0.005714 0.017143 0.017143 0.005714 0.051429 0.017143 0.005714 0.108571 0.120000 0.120000 
0.006369 0.592357 0.019108 0.006369 0.044586 0.095541 0.006369 0.006369 0.019108 0.031847 0.095541 0.019108 0.006369 0.044586 0.006369 
0.043825 0.115538 0.003984 0.075697 0.003984 0.019920 0.107570 0.091633 0.067729 0.003984 0.243028 0.003984 0.067729 0.059761 0.091633 
0.005587 0.620112 0.005587 0.039106 0.072626 0.005587 0.005587 0.005587 0.039106 0.027933 0.005587 0.005587 0.106145 0.016760 0.039106 
0.019157 0.103448 0.003831 0.180077 0.003831 0.003831 0.003831 0.103448 0.003831 0.095785 0.003831 0.088123 0.026820 0.003831 0.356322 
0.003344 0.103679 0.270903 0.003344 0.003344 0.003344 0.003344 0.023411 0.016722 0.003344 0.324415 0.023411 0.010033 0.010033 0.197324 
0.012346 0.242798 0.053498 0.004115 0.004115 0.004115 0.111111 0.004115 0.004115 0.004115 0.020576 0.102881 0.004115 0.069959 0.358025 
0.067194 0.217391 0.138340 0.162055 0.003953 0.003953 0.027668 0.011858 0.027668 0.003953 0.067194 0.019763 0.003953 0.003953 0.241107 
0.037037 0.121693 0.121693 0.111111 0.005291 0.005291 0.005291 0.005291 0.026455 0.015873 0.079365 0.005291 0.015873 0.058201 0.386243 
0.011673 0.050584 0.019455 0.198444 0.042802 0.003891 0.097276 0.003891 0.019455 0.097276 0.268482 0.003891 0.003891 0.019455 0.159533 
0.006803 0.034014 0.034014 0.170068 0.020408 0.020408 0.034014 0.047619 0.006803 0.006803 0.088435 0.006803 0.006803 0.034014 0.482993 
0.018182 0.396364 0.069091 0.120000 0.025455 0.018182 0.047273 0.141818 0.010909 0.061818 0.018182 0.003636 0.003636 0.061818 0.003636 
0.046358 0.152318 0.072848 0.046358 0.006623 0.019868 0.019868 0.046358 0.059603 0.006623 0.178808 0.019868 0.178808 0.006623 0.139073 
0.006061 0.018182 0.090909 0.042424 0.006061 0.006061 0.006061 0.078788 0.139394 0.006061 0.187879 0.018182 0.042424 0.006061 0.345455 
0.095023 0.167421 0.095023 0.095023 0.004525 0.049774 0.004525 0.076923 0.040724 0.013575 0.013575 0.013575 0.040724 0.049774 0.239819 
0.044776 0.293532 0.104478 0.004975 0.024876 0.004975 0.044776 0.004975 0.044776 0.004975 0.024876 0.004975 0.034826 0.074627 0.283582 
0.003390 0.383051 0.335593 0.084746 0.010169 0.044068 0.003390 0.003390 0.010169 0.003390 0.071186 0.003390 0.003390 0.003390 0.037288 
0.005587 0.072626 0.039106 0.050279 0.016760 0.094972 0.005587 0.016760 0.005587 0.061453 0.083799 0.016760 0.005587 0.039106 0.486034 
0.044335 0.261084 0.014778 0.024631 0.064039 0.004926 0.113300 0.004926 0.014778 0.172414 0.014778 0.044335 0.004926 0.004926 0.211823 
0.003344 0.170569 0.137124 0.016722 0.003344 0.056856 0.016722 0.063545 0.003344 0.003344 0.183946 0.010033 0.016722 0.083612 0.230769 
0.011673 0.229572 0.081712 0.027237 0.003891 0.003891 0.003891 0.019455 0.011673 0.027237 0.143969 0.058366 0.003891 0.003891 0.369650 
0.004219 0.417722 0.004219 0.198312 0.004219 0.004219 0.004219 0.054852 0.004219 0.012658 0.029536 0.071730 0.004219 0.181435 0.004219 
0.045267 0.226337 0.086420 0.028807 0.086420 0.094650 0.078189 0.020576 0.012346 0.086420 0.004115 0.004115 0.061728 0.160494 0.004115 
0.018868 0.006289 0.018868 0.044025 0.283019 0.031447 0.006289 0.056604 0.006289 0.106918 0.157233 0.006289 0.006289 0.006289 0.245283 
0.063584 0.005780 0.086705 0.005780 0.306358 0.052023 0.109827 0.005780 0.040462 0.028902 0.179191 0.005780 0.005780 0.075145 0.028902 
0.016760 0.240223 0.050279 0.027933 0.162011 0.027933 0.005587 0.005587 0.005587 0.083799 0.061453 0.005587 0.005587 0.150838 0.150838 
0.004367 0.213974 0.109170 0.248908 0.013100 0.091703 0.013100 0.004367 0.004367 0.030568 0.013100 0.082969 0.004367 0.004367 0.161572 
0.026455 0.206349 0.005291 0.026455 0.079365 0.132275 0.005291 0.079365 0.164021 0.058201 0.026455 0.005291 0.015873 0.058201 0.111111 
0.093923 0.071823 0.016575 0.027624 0.116022 0.005525 0.016575 0.049724 0.016575 0.093923 0.060773 0.060773 0.182320 0.005525 0.182320 
0.006711 0.060403 0.208054 0.127517 0.087248 0.140940 0.073826 0.033557 0.020134 0.006711 0.127517 0.060403 0.006711 0.033557 0.006711 
0.206349 0.079365 0.005291 0.037037 0.015873 0.005291 0.386243 0.005291 0.005291 0.079365 0.026455 0.015873 0.005291 0.005291 0.121693 
0.005464 0.027322 0.016393 0.125683 0.092896 0.016393 0.049180 0.005464 0.016393 0.049180 0.016393 0.005464 0.300546 0.191257 0.081967 
0.014085 0.352113 0.154930 0.004695 0.107981 0.004695 0.004695 0.023474 0.004695 0.070423 0.136150 0.004695 0.098592 0.004695 0.014085 
0.005917 0.254438 0.005917 0.029586 0.041420 0.005917 0.147929 0.005917 0.005917 0.136095 0.278107 0.029586 0.005917 0.005917 0.041420 
0.006211 0.341615 0.006211 0.031056 0.217391 0.018634 0.006211 0.006211 0.130435 0.068323 0.031056 0.068323 0.018634 0.043478 0.006211 
0.005236 0.246073 0.162304 0.015707 0.078534 0.047120 0.026178 0.099476 0.047120 0.005236 0.057592 0.026178 0.005236 0.089005 0.089005 
0.015544 0.264249 0.005181 0.005181 0.015544 0.119171 0.015544 0.005181 0.015544 0.005181 0.108808 0.015544 0.388601 0.015544 0.005181 
0.267760 0.169399 0.016393 0.038251 0.092896 0.016393 0.147541 0.005464 0.038251 0.027322 0.049180 0.016393 0.092896 0.016393 0.005464 
0.006061 0.006061 0.018182 0.200000 0.224242 0.066667 0.042424 0.018182 0.078788 0.127273 0.054545 0.006061 0.030303 0.078788 0.042424 
0.021277 0.004255 0.004255 0.200000 0.140426 0.038298 0.012766 0.004255 0.029787 0.004255 0.285106 0.038298 0.021277 0.089362 0.106383 
0.064039 0.172414 0.004926 0.172414 0.004926 0.004926 0.083744 0.004926 0.014778 0.064039 0.004926 0.152709 0.034483 0.044335 0.172414 
0.042945 0.202454 0.018405 0.006135 0.165644 0.042945 0.141104 0.092025 0.006135 0.226994 0.006135 0.006135 0.018405 0.006135 0.018405 
0.027027 0.156757 0.016216 0.102703 0.016216 0.059459 0.081081 0.027027 0.005405 0.135135 0.232432 0.016216 0.016216 0.027027 0.081081 
0.014778 0.133005 0.014778 0.004926 0.054187 0.123153 0.004926 0.004926 0.073892 0.014778 0.270936 0.014778 0.004926 0.182266 0.083744 
0.059289 0.059289 0.225296 0.043478 0.019763 0.011858 0.067194 0.106719 0.051383 0.003953 0.011858 0.011858 0.003953 0.249012 0.075099 
0.014354 0.301435 0.004785 0.052632 0.196172 0.004785 0.081340 0.014354 0.052632 0.014354 0.004785 0.014354 0.004785 0.004785 0.234450 
0.005650 0.129944 0.005650 0.016949 0.062147 0.005650 0.005650 0.141243 0.118644 0.073446 0.175141 0.005650 0.016949 0.231638 0.005650 
0.120000 0.152000 0.008000 0.120000 0.024000 0.008000 0.024000 0.024000 0.088000 0.024000 0.024000 0.040000 0.024000 0.056000 0.264000 
0.016216 0.329730 0.005405 0.037838 0.005405 0.102703 0.027027 0.005405 0.070270 0.048649 0.005405 0.243243 0.016216 0.081081 0.005405 
0.146199 0.017544 0.052632 0.005848 0.122807 0.005848 0.005848 0.017544 0.005848 0.005848 0.040936 0.005848 0.005848 0.309942 0.251462 
0.062857 0.211429 0.051429 0.017143 0.017143 0.085714 0.051429 0.005714 0.005714 0.142857 0.177143 0.051429 0.005714 0.062857 0.051429 
0.020134 0.006711 0.006711 0.073826 0.006711 0.073826 0.114094 0.033557 0.006711 0.006711 0.422819 0.154362 0.006711 0.006711 0.060403 
0.029289 0.004184 0.129707 0.004184 0.029289 0.146444 0.054393 0.046025 0.054393 0.104603 0.263598 0.054393 0.012552 0.062762 0.004184 
0.017143 0.280000 0.005714 0.051429 0.062857 0.040000 0.028571 0.051429 0.142857 0.074286 0.017143 0.062857 0.028571 0.120000 0.017143 
0.182320 0.104972 0.038674 0.016575 0.127072 0.005525 0.149171 0.171271 0.005525 0.016575 0.005525 0.127072 0.005525 0.038674 0.005525 
0.103448 0.014778 0.004926 0.024631 0.142857 0.004926 0.261084 0.093596 0.004926 0.024631 0.004926 0.044335 0.004926 0.004926 0.261084 
0.049724 0.281768 0.005525 0.005525 0.016575 0.005525 0.016575 0.005525 0.049724 0.049724 0.016575 0.016575 0.016575 0.292818 0.171271 
0.024000 0.248000 0.024000 0.056000 0.104000 0.104000 0.040000 0.024000 0.136000 0.120000 0.024000 0.040000 0.008000 0.008000 0.040000 
0.023622 0.133858 0.007874 0.007874 0.102362 0.007874 0.007874 0.055118 0.149606 0.070866 0.023622 0.007874 0.055118 0.023622 0.322835 
0.005348 0.112299 0.069519 0.005348 0.005348 0.016043 0.251337 0.037433 0.005348 0.048128 0.229947 0.155080 0.037433 0.016043 0.005348 
0.060109 0.060109 0.005464 0.071038 0.038251 0.027322 0.016393 0.005464 0.016393 0.147541 0.136612 0.016393 0.322404 0.071038 0.005464 
0.004525 0.212670 0.067873 0.013575 0.131222 0.131222 0.004525 0.031674 0.013575 0.067873 0.013575 0.239819 0.004525 0.040724 0.022624 
0.031447 0.232704 0.018868 0.006289 0.018868 0.006289 0.056604 0.031447 0.157233 0.169811 0.069182 0.056604 0.106918 0.018868 0.018868 
0.080851 0.089362 0.055319 0.021277 0.148936 0.004255 0.182979 0.004255 0.123404 0.004255 0.021277 0.004255 0.114894 0.004255 0.140426 
0.017544 0.485380 0.017544 0.029240 0.064327 0.005848 0.064327 0.005848 0.029240 0.029240 0.005848 0.017544 0.122807 0.005848 0.099415 
0.043478 0.026087 0.008696 0.147826 0.043478 0.008696 0.008696 0.182609 0.095652 0.095652 0.008696 0.200000 0.043478 0.026087 0.060870 
0.005650 0.175141 0.005650 0.129944 0.005650 0.005650 0.220339 0.016949 0.073446 0.005650 0.005650 0.299435 0.039548 0.005650 0.005650 
0.019355 0.070968 0.019355 0.032258 0.303226 0.019355 0.212903 0.174194 0.070968 0.006452 0.019355 0.006452 0.006452 0.006452 0.032258 
0.056911 0.008130 0.008130 0.008130 0.089431 0.008130 0.024390 0.008130 0.300813 0.056911 0.008130 0.235772 0.040650 0.056911 0.089431 
0.008696 0.008696 0.008696 0.008696 0.217391 0.147826 0.182609 0.008696 0.026087 0.008696 0.008696 0.147826 0.060870 0.113043 0.043478 
0.054264 0.007752 0.007752 0.209302 0.038760 0.085271 0.007752 0.023256 0.131783 0.007752 0.038760 0.333333 0.023256 0.023256 0.007752 
0.008403 0.008403 0.008403 0.042017 0.008403 0.126050 0.008403 0.142857 0.008403 0.008403 0.075630 0.428571 0.075630 0.008403 0.042017 
0.005917 0.005917 0.005917 0.005917 0.266272 0.005917 0.005917 0.017751 0.005917 0.100592 0.088757 0.041420 0.147929 0.278107 0.017751 
0.116279 0.069767 0.007752 0.007752 0.038760 0.007752 0.069767 0.007752 0.100775 0.007752 0.085271 0.302326 0.100775 0.069767 0.007752 
0.008000 0.040000 0.056000 0.008000 0.216000 0.008000 0.024000 0.024000 0.120000 0.008000 0.024000 0.344000 0.008000 0.040000 0.072000 
0.005076 0.025381 0.096447 0.177665 0.015228 0.035533 0.045685 0.126904 0.197970 0.015228 0.015228 0.116751 0.025381 0.025381 0.076142 
0.008130 0.024390 0.008130 0.024390 0.056911 0.089431 0.056911 0.008130 0.138211 0.008130 0.024390 0.528455 0.008130 0.008130 0.008130 
0.099476 0.005236 0.078534 0.005236 0.172775 0.015707 0.057592 0.005236 0.109948 0.005236 0.015707 0.005236 0.287958 0.057592 0.078534 
0.012552 0.129707 0.020921 0.154812 0.104603 0.029289 0.012552 0.062762 0.029289 0.179916 0.004184 0.012552 0.020921 0.221757 0.004184 
0.281768 0.027624 0.038674 0.005525 0.193370 0.005525 0.027624 0.016575 0.138122 0.005525 0.027624 0.049724 0.116022 0.049724 0.016575 
0.130802 0.012658 0.029536 0.037975 0.341772 0.004219 0.029536 0.080169 0.029536 0.004219 0.139241 0.012658 0.012658 0.021097 0.113924 
0.088435 0.020408 0.034014 0.034014 0.115646 0.156463 0.061224 0.006803 0.251701 0.034014 0.006803 0.047619 0.074830 0.061224 0.006803 
0.055901 0.006211 0.018634 0.006211 0.540373 0.006211 0.006211 0.006211 0.043478 0.018634 0.080745 0.018634 0.043478 0.118012 0.031056 
0.044586 0.019108 0.121019 0.006369 0.006369 0.044586 0.095541 0.006369 0.044586 0.082803 0.133758 0.197452 0.006369 0.070064 0.121019 
0.132075 0.094340 0.006289 0.006289 0.232704 0.106918 0.144654 0.018868 0.006289 0.069182 0.018868 0.006289 0.006289 0.006289 0.144654 
0.007407 0.007407 0.155556 0.051852 0.170370 0.244444 0.022222 0.007407 0.155556 0.022222 0.081481 0.051852 0.007407 0.007407 0.007407 
0.006897 0.186207 0.006897 0.020690 0.282759 0.006897 0.006897 0.034483 0.020690 0.103448 0.144828 0.062069 0.006897 0.006897 0.103448 
0.007519 0.022556 0.067669 0.067669 0.218045 0.067669 0.007519 0.037594 0.007519 0.218045 0.248120 0.007519 0.007519 0.007519 0.007519 
0.006289 0.044025 0.018868 0.119497 0.006289 0.081761 0.106918 0.018868 0.094340 0.069182 0.081761 0.056604 0.207547 0.006289 0.081761 
0.060773 0.104972 0.027624 0.138122 0.325967 0.016575 0.005525 0.204420 0.038674 0.005525 0.027624 0.005525 0.027624 0.005525 0.005525 
0.122995 0.016043 0.026738 0.005348 0.133690 0.037433 0.165775 0.005348 0.101604 0.048128 0.048128 0.005348 0.112299 0.090909 0.080214 
0.022556 0.142857 0.037594 0.022556 0.187970 0.022556 0.007519 0.007519 0.067669 0.248120 0.142857 0.052632 0.022556 0.007519 0.007519 
0.061947 0.008850 0.061947 0.008850 0.008850 0.008850 0.008850 0.079646 0.008850 0.008850 0.061947 0.610619 0.008850 0.026549 0.026549 
0.018868 0.006289 0.081761 0.006289 0.081761 0.006289 0.081761 0.006289 0.081761 0.069182 0.006289 0.132075 0.006289 0.283019 0.132075 
0.008000 0.040000 0.024000 0.008000 0.200000 0.008000 0.264000 0.024000 0.024000 0.216000 0.008000 0.072000 0.040000 0.056000 0.008000 
0.060773 0.071823 0.138122 0.082873 0.149171 0.016575 0.138122 0.093923 0.082873 0.016575 0.027624 0.082873 0.005525 0.027624 0.005525 
0.087248 0.073826 0.073826 0.006711 0.073826 0.033557 0.100671 0.073826 0.140940 0.234899 0.020134 0.006711 0.033557 0.033557 0.006711 
0.016760 0.027933 0.016760 0.027933 0.251397 0.027933 0.184358 0.083799 0.016760 0.005587 0.050279 0.027933 0.039106 0.083799 0.139665 
0.020979 0.006993 0.006993 0.062937 0.062937 0.020979 0.076923 0.034965 0.174825 0.062937 0.006993 0.146853 0.034965 0.272727 0.006993 
0.020690 0.020690 0.062069 0.020690 0.020690 0.075862 0.062069 0.020690 0.020690 0.006897 0.117241 0.241379 0.020690 0.282759 0.006897 
0.007752 0.038760 0.007752 0.023256 0.255814 0.038760 0.023256 0.038760 0.007752 0.302326 0.023256 0.007752 0.054264 0.162791 0.007752 
0.027322 0.005464 0.016393 0.092896 0.333333 0.092896 0.005464 0.005464 0.005464 0.005464 0.081967 0.191257 0.125683 0.005464 0.005464 
0.101215 0.036437 0.198381 0.076923 0.076923 0.060729 0.004049 0.004049 0.052632 0.004049 0.222672 0.125506 0.028340 0.004049 0.004049 
0.007752 0.007752 0.069767 0.007752 0.007752 0.069767 0.224806 0.116279 0.085271 0.131783 0.131783 0.116279 0.007752 0.007752 0.007752 
0.175355 0.099526 0.014218 0.090047 0.004739 0.004739 0.080569 0.033175 0.014218 0.023697 0.033175 0.042654 0.004739 0.279621 0.099526 
0.057592 0.068063 0.005236 0.036649 0.005236 0.015707 0.162304 0.015707 0.015707 0.005236 0.162304 0.026178 0.068063 0.246073 0.109948 
0.005714 0.028571 0.131429 0.005714 0.074286 0.154286 0.040000 0.017143 0.097143 0.062857 0.062857 0.005714 0.005714 0.017143 0.291429 
0.006061 0.224242 0.018182 0.115152 0.018182 0.006061 0.078788 0.030303 0.127273 0.115152 0.006061 0.006061 0.006061 0.236364 0.006061 
0.004566 0.086758 0.132420 0.059361 0.022831 0.041096 0.004566 0.031963 0.059361 0.086758 0.004566 0.114155 0.095890 0.004566 0.251142 
0.005025 0.326633 0.005025 0.025126 0.065327 0.005025 0.085427 0.005025 0.055276 0.025126 0.055276 0.005025 0.195980 0.125628 0.015075 
0.038251 0.005464 0.180328 0.049180 0.005464 0.016393 0.136612 0.049180 0.005464 0.114754 0.016393 0.016393 0.038251 0.038251 0.289617 
0.057592 0.120419 0.120419 0.120419 0.015707 0.057592 0.057592 0.089005 0.005236 0.026178 0.162304 0.026178 0.005236 0.005236 0.130890 
0.006135 0.349693 0.006135 0.092025 0.300613 0.018405 0.006135 0.006135 0.030675 0.006135 0.006135 0.055215 0.018405 0.092025 0.006135 
0.035971 0.050360 0.208633 0.122302 0.323741 0.035971 0.021583 0.007194 0.035971 0.021583 0.007194 0.064748 0.021583 0.021583 0.021583 
0.144654 0.018868 0.006289 0.081761 0.006289 0.006289 0.018868 0.069182 0.018868 0.245283 0.006289 0.182390 0.006289 0.182390 0.006289 
0.200000 0.172093 0.004651 0.004651 0.144186 0.013953 0.088372 0.013953 0.051163 0.060465 0.041860 0.004651 0.004651 0.041860 0.153488 
0.051852 0.081481 0.037037 0.022222 0.007407 0.022222 0.244444 0.007407 0.229630 0.081481 0.037037 0.007407 0.007407 0.051852 0.111111 
0.208556 0.090909 0.080214 0.037433 0.005348 0.005348 0.026738 0.016043 0.294118 0.016043 0.005348 0.005348 0.112299 0.069519 0.026738 
0.101215 0.004049 0.012146 0.012146 0.085020 0.004049 0.125506 0.052632 0.085020 0.117409 0.287449 0.036437 0.012146 0.060729 0.004049 
0.005348 0.005348 0.005348 0.251337 0.155080 0.005348 0.080214 0.058824 0.101604 0.058824 0.005348 0.005348 0.016043 0.229947 0.016043 
0.007407 0.096296 0.096296 0.051852 0.185185 0.007407 0.081481 0.111111 0.007407 0.185185 0.007407 0.037037 0.007407 0.022222 0.096296 
0.082126 0.004831 0.004831 0.178744 0.169082 0.024155 0.091787 0.053140 0.004831 0.014493 0.062802 0.082126 0.062802 0.053140 0.111111 
0.006711 0.006711 0.006711 0.060403 0.489933 0.006711 0.006711 0.060403 0.060403 0.087248 0.020134 0.033557 0.073826 0.060403 0.020134 
0.134328 0.004975 0.044776 0.054726 0.124378 0.004975 0.054726 0.044776 0.432836 0.004975 0.004975 0.044776 0.004975 0.004975 0.034826 
0.005988 0.017964 0.065868 0.017964 0.317365 0.017964 0.017964 0.017964 0.017964 0.005988 0.005988 0.101796 0.029940 0.185629 0.173653 
0.005128 0.056410 0.005128 0.025641 0.230769 0.056410 0.158974 0.097436 0.015385 0.025641 0.005128 0.179487 0.087179 0.005128 0.046154 
0.046154 0.015385 0.005128 0.066667 0.241026 0.005128 0.005128 0.005128 0.035897 0.087179 0.005128 0.138462 0.128205 0.066667 0.148718 
0.048458 0.013216 0.136564 0.004405 0.039648 0.004405 0.136564 0.004405 0.013216 0.101322 0.242291 0.057269 0.004405 0.004405 0.189427 
0.163121 0.021277 0.021277 0.035461 0.021277 0.007092 0.304965 0.106383 0.234043 0.007092 0.021277 0.035461 0.007092 0.007092 0.007092 
0.007194 0.035971 0.021583 0.007194 0.611511 0.122302 0.035971 0.050360 0.007194 0.007194 0.021583 0.021583 0.007194 0.021583 0.021583 
0.136000 0.008000 0.008000 0.008000 0.168000 0.008000 0.008000 0.008000 0.184000 0.024000 0.008000 0.248000 0.008000 0.072000 0.104000 
0.019355 0.006452 0.083871 0.019355 0.058065 0.045161 0.006452 0.096774 0.032258 0.032258 0.006452 0.419355 0.070968 0.058065 0.045161 
0.127072 0.082873 0.060773 0.027624 0.160221 0.027624 0.005525 0.005525 0.071823 0.104972 0.226519 0.016575 0.005525 0.038674 0.038674 
0.045752 0.084967 0.124183 0.006536 0.241830 0.006536 0.124183 0.032680 0.058824 0.032680 0.150327 0.045752 0.006536 0.032680 0.006536 
0.262032 0.187166 0.187166 0.005348 0.058824 0.016043 0.037433 0.005348 0.026738 0.026738 0.005348 0.058824 0.080214 0.016043 0.026738 
0.008130 0.040650 0.024390 0.008130 0.235772 0.008130 0.430894 0.008130 0.008130 0.024390 0.024390 0.008130 0.073171 0.008130 0.089431 
0.006135 0.104294 0.006135 0.116564 0.276074 0.116564 0.018405 0.018405 0.177914 0.018405 0.006135 0.079755 0.042945 0.006135 0.006135 
0.006061 0.042424 0.006061 0.078788 0.381818 0.200000 0.006061 0.006061 0.163636 0.006061 0.006061 0.078788 0.006061 0.006061 0.006061 
0.017341 0.271676 0.144509 0.005780 0.052023 0.005780 0.017341 0.040462 0.121387 0.156069 0.017341 0.132948 0.005780 0.005780 0.005780 
0.127072 0.138122 0.016575 0.005525 0.038674 0.016575 0.270718 0.038674 0.060773 0.005525 0.016575 0.060773 0.005525 0.138122 0.060773 
0.005988 0.005988 0.005988 0.065868 0.185629 0.017964 0.125749 0.005988 0.017964 0.041916 0.005988 0.329341 0.017964 0.101796 0.065868 
0.084967 0.006536 0.045752 0.084967 0.241830 0.006536 0.019608 0.006536 0.032680 0.084967 0.006536 0.006536 0.006536 0.346405 0.019608 
0.018405 0.018405 0.055215 0.055215 0.018405 0.092025 0.042945 0.104294 0.018405 0.055215 0.006135 0.374233 0.079755 0.042945 0.018405 
0.006711 0.033557 0.006711 0.033557 0.060403 0.006711 0.221477 0.006711 0.020134 0.006711 0.060403 0.288591 0.006711 0.181208 0.060403 
0.170370 0.007407 0.007407 0.140741 0.259259 0.007407 0.007407 0.007407 0.022222 0.185185 0.007407 0.022222 0.037037 0.007407 0.111111 
0.016949 0.028249 0.096045 0.107345 0.005650 0.062147 0.129944 0.005650 0.005650 0.050847 0.028249 0.209040 0.152542 0.084746 0.016949 
0.006369 0.019108 0.019108 0.044586 0.146497 0.057325 0.019108 0.006369 0.082803 0.006369 0.235669 0.324841 0.006369 0.019108 0.006369 
0.028249 0.050847 0.028249 0.073446 0.152542 0.073446 0.084746 0.016949 0.016949 0.107345 0.039548 0.129944 0.016949 0.073446 0.107345 
0.058824 0.098039 0.150327 0.084967 0.333333 0.006536 0.019608 0.006536 0.045752 0.006536 0.019608 0.006536 0.006536 0.150327 0.006536 
0.072848 0.006623 0.006623 0.033113 0.099338 0.006623 0.019868 0.059603 0.033113 0.033113 0.033113 0.350993 0.139073 0.046358 0.059603 
0.006289 0.018868 0.069182 0.069182 0.031447 0.018868 0.006289 0.031447 0.018868 0.169811 0.018868 0.408805 0.006289 0.106918 0.018868 
0.027624 0.005525 0.005525 0.127072 0.160221 0.005525 0.027624 0.027624 0.116022 0.049724 0.049724 0.016575 0.005525 0.359116 0.016575 
0.174468 0.012766 0.004255 0.157447 0.234043 0.021277 0.004255 0.072340 0.004255 0.012766 0.114894 0.046809 0.029787 0.089362 0.021277 
0.021583 0.035971 0.007194 0.266187 0.179856 0.007194 0.007194 0.007194 0.007194 0.079137 0.007194 0.179856 0.021583 0.165468 0.007194 
0.007519 0.007519 0.022556 0.007519 0.097744 0.022556 0.142857 0.022556 0.007519 0.052632 0.007519 0.263158 0.022556 0.263158 0.052632 
0.148936 0.092199 0.007092 0.007092 0.375887 0.021277 0.007092 0.007092 0.021277 0.007092 0.035461 0.120567 0.092199 0.049645 0.007092 
0.005025 0.025126 0.095477 0.005025 0.216080 0.035176 0.015075 0.005025 0.025126 0.125628 0.005025 0.005025 0.185930 0.125628 0.125628 
0.018868 0.044025 0.006289 0.069182 0.006289 0.006289 0.232704 0.044025 0.056604 0.132075 0.081761 0.018868 0.056604 0.194969 0.031447 
0.071895 0.084967 0.019608 0.006536 0.019608 0.058824 0.241830 0.006536 0.032680 0.006536 0.019608 0.228758 0.019608 0.176471 0.006536 
0.026738 0.026738 0.165775 0.048128 0.016043 0.080214 0.080214 0.005348 0.069519 0.026738 0.005348 0.208556 0.005348 0.197861 0.037433 
0.017751 0.005917 0.207101 0.017751 0.195266 0.088757 0.053254 0.053254 0.005917 0.076923 0.029586 0.136095 0.005917 0.088757 0.017751 
0.016760 0.229050 0.083799 0.106145 0.195531 0.050279 0.005587 0.005587 0.016760 0.050279 0.027933 0.173184 0.005587 0.005587 0.027933 
0.013825 0.004608 0.290323 0.133641 0.087558 0.041475 0.041475 0.041475 0.041475 0.023041 0.004608 0.179724 0.032258 0.023041 0.041475 
0.073826 0.006711 0.006711 0.100671 0.154362 0.006711 0.033557 0.020134 0.006711 0.020134 0.046980 0.140940 0.073826 0.221477 0.087248 
0.117241 0.006897 0.006897 0.062069 0.006897 0.006897 0.062069 0.034483 0.020690 0.048276 0.020690 0.379310 0.020690 0.200000 0.006897 
0.005587 0.039106 0.027933 0.016760 0.251397 0.173184 0.251397 0.005587 0.016760 0.072626 0.050279 0.039106 0.005587 0.039106 0.005587 
0.034826 0.094527 0.054726 0.024876 0.104478 0.074627 0.084577 0.064677 0.034826 0.004975 0.034826 0.154229 0.054726 0.164179 0.014925 
0.163636 0.078788 0.200000 0.006061 0.103030 0.018182 0.018182 0.018182 0.018182 0.090909 0.018182 0.066667 0.090909 0.078788 0.030303 
0.006211 0.093168 0.130435 0.068323 0.142857 0.006211 0.254658 0.006211 0.006211 0.080745 0.006211 0.006211 0.068323 0.105590 0.018634 
0.021583 0.151079 0.165468 0.007194 0.151079 0.021583 0.064748 0.035971 0.007194 0.079137 0.007194 0.021583 0.021583 0.223022 0.021583 
0.022901 0.007634 0.007634 0.007634 0.022901 0.022901 0.068702 0.022901 0.007634 0.206107 0.068702 0.129771 0.129771 0.145038 0.129771 
0.035971 0.007194 0.064748 0.007194 0.007194 0.007194 0.007194 0.007194 0.007194 0.122302 0.021583 0.194245 0.021583 0.179856 0.309353 
0.004405 0.118943 0.013216 0.030837 0.127753 0.004405 0.004405 0.057269 0.013216 0.092511 0.030837 0.180617 0.030837 0.004405 0.286344 
0.030675 0.030675 0.263804 0.006135 0.006135 0.018405 0.006135 0.030675 0.202454 0.018405 0.055215 0.288344 0.006135 0.006135 0.030675 
0.006803 0.020408 0.006803 0.061224 0.170068 0.006803 0.074830 0.034014 0.006803 0.006803 0.006803 0.170068 0.224490 0.047619 0.156463 
0.041420 0.065089 0.017751 0.076923 0.017751 0.017751 0.029586 0.005917 0.005917 0.005917 0.005917 0.218935 0.183432 0.301775 0.005917 
0.227053 0.024155 0.053140 0.062802 0.004831 0.004831 0.004831 0.014493 0.265700 0.004831 0.004831 0.178744 0.004831 0.140097 0.004831 
0.083799 0.016760 0.117318 0.016760 0.173184 0.005587 0.117318 0.039106 0.072626 0.005587 0.016760 0.061453 0.072626 0.195531 0.005587 
0.380117 0.111111 0.005848 0.029240 0.146199 0.052632 0.064327 0.005848 0.005848 0.017544 0.017544 0.017544 0.017544 0.099415 0.029240 
0.019355 0.019355 0.161290 0.032258 0.045161 0.006452 0.006452 0.058065 0.070968 0.032258 0.006452 0.238710 0.006452 0.070968 0.225806 
0.155779 0.135678 0.115578 0.045226 0.216080 0.005025 0.005025 0.025126 0.025126 0.025126 0.025126 0.155779 0.005025 0.045226 0.015075 
0.093333 0.146667 0.004444 0.004444 0.128889 0.004444 0.093333 0.004444 0.004444 0.013333 0.004444 0.066667 0.013333 0.413333 0.004444 
0.005780 0.063584 0.063584 0.121387 0.063584 0.017341 0.086705 0.017341 0.075145 0.098266 0.005780 0.017341 0.005780 0.236994 0.121387 
0.005525 0.027624 0.027624 0.005525 0.303867 0.005525 0.005525 0.005525 0.160221 0.005525 0.071823 0.082873 0.005525 0.270718 0.016575 
0.051852 0.007407 0.022222 0.140741 0.229630 0.051852 0.170370 0.022222 0.066667 0.037037 0.007407 0.037037 0.066667 0.037037 0.051852 
0.137778 0.013333 0.111111 0.057778 0.066667 0.182222 0.075556 0.022222 0.004444 0.004444 0.022222 0.048889 0.004444 0.244444 0.004444 
0.005181 0.077720 0.015544 0.129534 0.295337 0.005181 0.005181 0.077720 0.025907 0.005181 0.056995 0.036269 0.025907 0.222798 0.015544 
0.046980 0.020134 0.020134 0.006711 0.087248 0.006711 0.020134 0.033557 0.382550 0.261745 0.006711 0.033557 0.006711 0.006711 0.060403 
0.005525 0.027624 0.138122 0.204420 0.281768 0.016575 0.116022 0.027624 0.005525 0.038674 0.016575 0.093923 0.016575 0.005525 0.005525 
0.066667 0.030303 0.018182 0.078788 0.248485 0.139394 0.054545 0.042424 0.006061 0.018182 0.006061 0.054545 0.151515 0.054545 0.030303 
0.006061 0.006061 0.103030 0.006061 0.345455 0.006061 0.054545 0.127273 0.090909 0.042424 0.042424 0.018182 0.054545 0.066667 0.030303 
0.006452 0.006452 0.006452 0.058065 0.006452 0.006452 0.264516 0.032258 0.032258 0.032258 0.006452 0.277419 0.135484 0.122581 0.006452 
0.031111 0.111111 0.013333 0.031111 0.031111 0.013333 0.004444 0.004444 0.013333 0.048889 0.244444 0.208889 0.022222 0.182222 0.040000 
0.006536 0.058824 0.032680 0.006536 0.111111 0.150327 0.006536 0.019608 0.032680 0.084967 0.006536 0.254902 0.006536 0.215686 0.006536 
0.007874 0.007874 0.039370 0.007874 0.196850 0.007874 0.023622 0.055118 0.023622 0.133858 0.055118 0.212598 0.102362 0.086614 0.039370 
0.008000 0.008000 0.008000 0.008000 0.536000 0.056000 0.008000 0.024000 0.008000 0.008000 0.008000 0.008000 0.024000 0.024000 0.264000 
0.015873 0.259259 0.026455 0.005291 0.259259 0.005291 0.015873 0.015873 0.079365 0.026455 0.005291 0.026455 0.005291 0.164021 0.089947 
0.045685 0.116751 0.005076 0.005076 0.218274 0.116751 0.035533 0.005076 0.005076 0.015228 0.055838 0.218274 0.035533 0.116751 0.005076 
0.007519 0.007519 0.007519 0.007519 0.503759 0.007519 0.022556 0.007519 0.022556 0.007519 0.007519 0.067669 0.022556 0.233083 0.067669 
0.175510 0.036735 0.110204 0.012245 0.085714 0.004082 0.036735 0.012245 0.004082 0.004082 0.044898 0.053061 0.004082 0.395918 0.020408 
0.171975 0.070064 0.019108 0.019108 0.019108 0.006369 0.057325 0.031847 0.070064 0.133758 0.006369 0.286624 0.006369 0.082803 0.019108 
0.051793 0.067729 0.338645 0.043825 0.019920 0.011952 0.123506 0.027888 0.083665 0.011952 0.003984 0.027888 0.131474 0.027888 0.027888 
0.018634 0.006211 0.142857 0.006211 0.453416 0.080745 0.006211 0.006211 0.068323 0.043478 0.018634 0.118012 0.006211 0.018634 0.006211 
0.004367 0.013100 0.048035 0.013100 0.109170 0.004367 0.021834 0.196507 0.030568 0.004367 0.100437 0.048035 0.152838 0.013100 0.240175 
0.008000 0.008000 0.168000 0.008000 0.136000 0.008000 0.024000 0.072000 0.008000 0.104000 0.040000 0.296000 0.088000 0.024000 0.008000 
0.016760 0.139665 0.039106 0.050279 0.117318 0.005587 0.039106 0.173184 0.016760 0.027933 0.162011 0.094972 0.005587 0.072626 0.039106 
0.005076 0.015228 0.431472 0.005076 0.096447 0.035533 0.005076 0.096447 0.015228 0.005076 0.096447 0.076142 0.045685 0.055838 0.015228 
0.135135 0.048649 0.200000 0.059459 0.178378 0.081081 0.005405 0.005405 0.048649 0.048649 0.005405 0.016216 0.059459 0.081081 0.027027 
0.012766 0.038298 0.004255 0.012766 0.131915 0.072340 0.038298 0.063830 0.072340 0.148936 0.242553 0.004255 0.004255 0.148936 0.004255 
0.029940 0.005988 0.221557 0.065868 0.005988 0.113772 0.017964 0.041916 0.029940 0.017964 0.029940 0.173653 0.161677 0.005988 0.077844 
0.008696 0.130435 0.008696 0.043478 0.200000 0.043478 0.078261 0.008696 0.217391 0.165217 0.008696 0.008696 0.043478 0.026087 0.008696 
0.004831 0.169082 0.043478 0.053140 0.140097 0.024155 0.024155 0.014493 0.004831 0.236715 0.082126 0.111111 0.014493 0.062802 0.014493 
0.027933 0.139665 0.005587 0.005587 0.128492 0.005587 0.094972 0.039106 0.005587 0.106145 0.005587 0.217877 0.005587 0.139665 0.072626 
0.065990 0.086294 0.086294 0.045685 0.126904 0.005076 0.025381 0.025381 0.065990 0.076142 0.096447 0.076142 0.086294 0.106599 0.025381 
0.206349 0.047619 0.089947 0.037037 0.047619 0.026455 0.079365 0.005291 0.089947 0.015873 0.153439 0.005291 0.121693 0.037037 0.037037 
0.132948 0.005780 0.005780 0.005780 0.179191 0.063584 0.028902 0.017341 0.017341 0.028902 0.040462 0.132948 0.236994 0.098266 0.005780 
0.204188 0.225131 0.005236 0.162304 0.099476 0.026178 0.151832 0.005236 0.005236 0.057592 0.005236 0.005236 0.005236 0.005236 0.036649 
0.221477 0.020134 0.006711 0.154362 0.006711 0.020134 0.046980 0.006711 0.114094 0.033557 0.006711 0.234899 0.087248 0.033557 0.006711 
0.005076 0.137056 0.065990 0.035533 0.350254 0.005076 0.197970 0.076142 0.005076 0.045685 0.005076 0.035533 0.005076 0.005076 0.025381 
0.097143 0.005714 0.177143 0.005714 0.017143 0.017143 0.051429 0.074286 0.017143 0.291429 0.017143 0.017143 0.005714 0.028571 0.177143 
0.081081 0.189189 0.037838 0.048649 0.145946 0.005405 0.005405 0.005405 0.005405 0.102703 0.005405 0.027027 0.027027 0.005405 0.308108 
0.018182 0.018182 0.187879 0.006061 0.018182 0.018182 0.006061 0.042424 0.006061 0.030303 0.018182 0.272727 0.224242 0.054545 0.078788 
0.015873 0.153439 0.058201 0.174603 0.037037 0.100529 0.047619 0.026455 0.037037 0.015873 0.068783 0.174603 0.026455 0.015873 0.047619 
0.005848 0.005848 0.005848 0.005848 0.204678 0.005848 0.134503 0.029240 0.157895 0.005848 0.052632 0.005848 0.005848 0.076023 0.298246 
0.053140 0.188406 0.004831 0.188406 0.140097 0.024155 0.062802 0.004831 0.004831 0.014493 0.004831 0.014493 0.024155 0.265700 0.004831 
0.034014 0.142857 0.006803 0.034014 0.306122 0.115646 0.006803 0.006803 0.006803 0.006803 0.006803 0.224490 0.020408 0.034014 0.047619 
0.286957 0.060870 0.008696 0.008696 0.078261 0.060870 0.026087 0.113043 0.078261 0.078261 0.060870 0.113043 0.008696 0.008696 0.008696 
0.074380 0.008264 0.008264 0.074380 0.157025 0.041322 0.024793 0.008264 0.057851 0.008264 0.090909 0.206612 0.008264 0.090909 0.140496 
0.085427 0.195980 0.115578 0.005025 0.185930 0.005025 0.005025 0.015075 0.025126 0.135678 0.065327 0.025126 0.035176 0.065327 0.035176 
0.006061 0.090909 0.018182 0.006061 0.054545 0.103030 0.078788 0.018182 0.090909 0.006061 0.006061 0.260606 0.018182 0.175758 0.066667 
