0.213389 0.054393 0.221757 0.163180 0.046025 0.029289 0.004184 0.004184 0.104603 0.004184 0.046025 0.004184 0.004184 0.004184 0.096234 
0.013575 0.248869 0.203620 0.085973 0.004525 0.004525 0.058824 0.004525 0.004525 0.122172 0.013575 0.013575 0.049774 0.104072 0.067873 
0.004367 0.301310 0.205240 0.109170 0.004367 0.056769 0.039301 0.004367 0.021834 0.074236 0.074236 0.013100 0.004367 0.021834 0.065502 
0.005076 0.157360 0.096447 0.076142 0.005076 0.025381 0.005076 0.015228 0.045685 0.025381 0.076142 0.005076 0.055838 0.055838 0.350254 
0.062271 0.223443 0.091575 0.164835 0.010989 0.003663 0.047619 0.003663 0.032967 0.003663 0.113553 0.076923 0.003663 0.003663 0.157509 
0.004739 0.194313 0.109005 0.042654 0.213270 0.042654 0.004739 0.014218 0.033175 0.004739 0.004739 0.033175 0.014218 0.004739 0.279621 
0.179916 0.138075 0.271967 0.062762 0.054393 0.012552 0.004184 0.004184 0.004184 0.012552 0.012552 0.004184 0.020921 0.037657 0.179916 
0.015228 0.309645 0.126904 0.005076 0.025381 0.005076 0.005076 0.005076 0.055838 0.005076 0.045685 0.035533 0.126904 0.005076 0.228426 
0.121339 0.196653 0.012552 0.037657 0.004184 0.004184 0.004184 0.004184 0.020921 0.004184 0.271967 0.020921 0.020921 0.046025 0.230126 
0.019608 0.189542 0.124183 0.006536 0.019608 0.006536 0.058824 0.006536 0.032680 0.058824 0.006536 0.019608 0.137255 0.032680 0.281046 
0.020576 0.218107 0.423868 0.053498 0.012346 0.012346 0.020576 0.094650 0.004115 0.045267 0.020576 0.020576 0.012346 0.028807 0.012346 
0.004184 0.138075 0.221757 0.313808 0.004184 0.004184 0.020921 0.054393 0.004184 0.046025 0.004184 0.029289 0.046025 0.004184 0.104603 
0.055276 0.095477 0.005025 0.175879 0.015075 0.236181 0.005025 0.005025 0.005025 0.035176 0.045226 0.005025 0.045226 0.125628 0.145729 
0.032558 0.339535 0.134884 0.088372 0.125581 0.032558 0.013953 0.032558 0.013953 0.004651 0.023256 0.023256 0.032558 0.097674 0.004651 
0.010381 0.363322 0.010381 0.051903 0.051903 0.010381 0.065744 0.003460 0.065744 0.010381 0.079585 0.003460 0.003460 0.162630 0.107266 
0.050691 0.354839 0.004608 0.142857 0.004608 0.059908 0.041475 0.023041 0.059908 0.013825 0.142857 0.004608 0.013825 0.023041 0.059908 
0.171806 0.048458 0.180617 0.066079 0.004405 0.004405 0.013216 0.013216 0.189427 0.004405 0.022026 0.004405 0.030837 0.004405 0.242291 
0.032967 0.282051 0.318681 0.120879 0.084249 0.010989 0.018315 0.010989 0.010989 0.025641 0.003663 0.003663 0.003663 0.003663 0.069597 
0.003717 0.078067 0.033457 0.033457 0.011152 0.033457 0.033457 0.070632 0.033457 0.055762 0.033457 0.003717 0.011152 0.197026 0.368030 
0.035019 0.035019 0.136187 0.182879 0.003891 0.011673 0.003891 0.003891 0.136187 0.003891 0.003891 0.019455 0.042802 0.105058 0.276265 
0.006623 0.377483 0.006623 0.006623 0.006623 0.006623 0.006623 0.006623 0.125828 0.019868 0.006623 0.006623 0.006623 0.165563 0.245033 
0.091787 0.120773 0.014493 0.033816 0.024155 0.033816 0.004831 0.101449 0.043478 0.014493 0.004831 0.130435 0.043478 0.033816 0.304348 
0.004405 0.198238 0.180617 0.022026 0.013216 0.004405 0.039648 0.101322 0.013216 0.013216 0.022026 0.030837 0.145374 0.127753 0.083700 
0.006135 0.300613 0.006135 0.006135 0.042945 0.006135 0.067485 0.116564 0.067485 0.006135 0.030675 0.006135 0.030675 0.116564 0.190184 
0.005405 0.145946 0.016216 0.005405 0.081081 0.091892 0.027027 0.102703 0.016216 0.102703 0.081081 0.005405 0.037838 0.081081 0.200000 
0.005076 0.228426 0.065990 0.005076 0.015228 0.076142 0.015228 0.005076 0.005076 0.005076 0.005076 0.005076 0.045685 0.025381 0.492386 
0.012346 0.152263 0.069959 0.020576 0.045267 0.004115 0.004115 0.012346 0.012346 0.251029 0.037037 0.012346 0.037037 0.152263 0.176955 
0.003774 0.245283 0.018868 0.018868 0.011321 0.018868 0.011321 0.049057 0.049057 0.200000 0.064151 0.086792 0.041509 0.011321 0.169811 
0.023377 0.309091 0.200000 0.116883 0.002597 0.002597 0.002597 0.002597 0.018182 0.023377 0.116883 0.023377 0.002597 0.028571 0.127273 
0.003802 0.026616 0.003802 0.399240 0.034221 0.019011 0.026616 0.095057 0.019011 0.019011 0.011407 0.095057 0.057034 0.133080 0.057034 
0.005714 0.085714 0.074286 0.040000 0.005714 0.028571 0.005714 0.005714 0.005714 0.005714 0.051429 0.005714 0.062857 0.017143 0.600000 
0.004831 0.304348 0.004831 0.053140 0.004831 0.043478 0.062802 0.014493 0.062802 0.004831 0.024155 0.014493 0.004831 0.169082 0.227053 
0.016575 0.005525 0.005525 0.027624 0.049724 0.071823 0.060773 0.104972 0.016575 0.093923 0.226519 0.016575 0.005525 0.160221 0.138122 
0.006623 0.417219 0.006623 0.006623 0.033113 0.019868 0.006623 0.006623 0.218543 0.006623 0.072848 0.006623 0.006623 0.112583 0.072848 
0.005181 0.305699 0.005181 0.222798 0.036269 0.015544 0.015544 0.046632 0.025907 0.077720 0.067358 0.056995 0.005181 0.098446 0.015544 
0.018182 0.406061 0.018182 0.187879 0.006061 0.006061 0.006061 0.127273 0.018182 0.042424 0.030303 0.006061 0.006061 0.006061 0.115152 
0.220884 0.068273 0.004016 0.092369 0.004016 0.004016 0.004016 0.076305 0.060241 0.028112 0.092369 0.004016 0.004016 0.156627 0.180723 
0.024876 0.313433 0.014925 0.094527 0.004975 0.004975 0.004975 0.024876 0.054726 0.014925 0.134328 0.054726 0.004975 0.104478 0.144279 
0.060109 0.431694 0.027322 0.092896 0.005464 0.005464 0.005464 0.114754 0.016393 0.027322 0.005464 0.005464 0.005464 0.158470 0.038251 
0.018727 0.243446 0.243446 0.041199 0.018727 0.003745 0.011236 0.041199 0.003745 0.003745 0.026217 0.003745 0.153558 0.176030 0.011236 
0.110482 0.365439 0.008499 0.138810 0.036827 0.002833 0.008499 0.008499 0.008499 0.014164 0.002833 0.002833 0.104816 0.025496 0.161473 
0.011152 0.338290 0.152416 0.003717 0.003717 0.003717 0.018587 0.048327 0.204461 0.003717 0.092937 0.003717 0.011152 0.055762 0.048327 
0.034826 0.363184 0.004975 0.124378 0.054726 0.004975 0.004975 0.094527 0.024876 0.004975 0.004975 0.024876 0.064677 0.034826 0.154229 
0.044776 0.054726 0.343284 0.034826 0.024876 0.064677 0.004975 0.014925 0.014925 0.024876 0.004975 0.114428 0.004975 0.194030 0.054726 
0.271523 0.059603 0.033113 0.019868 0.046358 0.033113 0.046358 0.072848 0.059603 0.006623 0.006623 0.006623 0.139073 0.059603 0.139073 
0.016393 0.213115 0.016393 0.049180 0.016393 0.071038 0.016393 0.060109 0.016393 0.016393 0.016393 0.049180 0.169399 0.005464 0.267760 
0.119617 0.464115 0.071770 0.023923 0.052632 0.014354 0.052632 0.043062 0.043062 0.004785 0.004785 0.014354 0.071770 0.014354 0.004785 
0.014925 0.154229 0.084577 0.104478 0.054726 0.004975 0.034826 0.034826 0.124378 0.044776 0.074627 0.004975 0.174129 0.014925 0.074627 
0.003984 0.051793 0.019920 0.394422 0.091633 0.003984 0.003984 0.003984 0.035857 0.083665 0.107570 0.035857 0.003984 0.035857 0.123506 
0.013453 0.318386 0.004484 0.040359 0.022422 0.058296 0.013453 0.112108 0.058296 0.022422 0.085202 0.004484 0.139013 0.094170 0.013453 
0.024155 0.468599 0.004831 0.198068 0.004831 0.024155 0.024155 0.004831 0.004831 0.043478 0.004831 0.024155 0.033816 0.024155 0.111111 
0.004184 0.163180 0.046025 0.004184 0.004184 0.012552 0.004184 0.004184 0.004184 0.104603 0.104603 0.104603 0.004184 0.171548 0.263598 
0.004651 0.413953 0.023256 0.004651 0.051163 0.004651 0.051163 0.023256 0.060465 0.004651 0.116279 0.013953 0.069767 0.023256 0.134884 
0.006289 0.408805 0.018868 0.144654 0.006289 0.094340 0.018868 0.006289 0.044025 0.031447 0.018868 0.006289 0.044025 0.018868 0.132075 
0.089005 0.015707 0.015707 0.026178 0.005236 0.005236 0.109948 0.005236 0.078534 0.026178 0.005236 0.005236 0.246073 0.068063 0.298429 
0.005076 0.238579 0.045685 0.116751 0.005076 0.096447 0.137056 0.076142 0.015228 0.005076 0.015228 0.015228 0.005076 0.005076 0.218274 
0.026415 0.033962 0.071698 0.011321 0.033962 0.033962 0.184906 0.003774 0.033962 0.026415 0.018868 0.033962 0.049057 0.003774 0.433962 
0.004184 0.288703 0.046025 0.104603 0.062762 0.129707 0.020921 0.004184 0.037657 0.004184 0.230126 0.004184 0.004184 0.004184 0.054393 
0.093923 0.093923 0.104972 0.038674 0.005525 0.049724 0.005525 0.016575 0.005525 0.016575 0.016575 0.016575 0.138122 0.060773 0.337017 
0.016949 0.265537 0.141243 0.005650 0.028249 0.039548 0.005650 0.005650 0.062147 0.005650 0.028249 0.028249 0.028249 0.096045 0.242938 
0.005848 0.017544 0.005848 0.005848 0.005848 0.017544 0.099415 0.005848 0.426901 0.005848 0.087719 0.040936 0.005848 0.052632 0.216374 
0.008219 0.408219 0.030137 0.364384 0.013699 0.024658 0.008219 0.002740 0.008219 0.008219 0.030137 0.019178 0.035616 0.002740 0.035616 
0.005988 0.017964 0.005988 0.173653 0.005988 0.005988 0.017964 0.053892 0.077844 0.041916 0.125749 0.137725 0.053892 0.005988 0.269461 
0.007092 0.191489 0.333333 0.007092 0.021277 0.177305 0.007092 0.007092 0.007092 0.035461 0.078014 0.021277 0.007092 0.035461 0.063830 
0.028571 0.382857 0.005714 0.017143 0.005714 0.005714 0.028571 0.120000 0.062857 0.017143 0.028571 0.005714 0.142857 0.085714 0.062857 
0.006369 0.235669 0.006369 0.006369 0.006369 0.184713 0.006369 0.019108 0.006369 0.006369 0.019108 0.095541 0.019108 0.006369 0.375796 
0.003984 0.019920 0.011952 0.187251 0.051793 0.003984 0.187251 0.067729 0.003984 0.003984 0.219124 0.003984 0.083665 0.011952 0.139442 
0.005587 0.586592 0.005587 0.027933 0.050279 0.005587 0.005587 0.005587 0.005587 0.005587 0.005587 0.005587 0.128492 0.027933 0.128492 
0.003831 0.164751 0.003831 0.126437 0.088123 0.003831 0.026820 0.011494 0.034483 0.103448 0.026820 0.034483 0.080460 0.019157 0.272031 
0.023411 0.170569 0.217391 0.003344 0.016722 0.010033 0.003344 0.003344 0.003344 0.003344 0.331104 0.003344 0.010033 0.010033 0.190635 
0.061728 0.144033 0.012346 0.012346 0.028807 0.004115 0.004115 0.078189 0.020576 0.004115 0.144033 0.135802 0.004115 0.102881 0.242798 
0.075099 0.272727 0.130435 0.130435 0.003953 0.019763 0.011858 0.019763 0.011858 0.011858 0.003953 0.003953 0.011858 0.067194 0.225296 
0.089947 0.037037 0.164021 0.068783 0.005291 0.005291 0.015873 0.005291 0.047619 0.026455 0.058201 0.005291 0.005291 0.089947 0.375661 
0.042802 0.151751 0.019455 0.035019 0.019455 0.011673 0.120623 0.003891 0.011673 0.081712 0.190661 0.003891 0.003891 0.011673 0.291829 
0.006803 0.006803 0.006803 0.333333 0.006803 0.006803 0.006803 0.006803 0.047619 0.006803 0.129252 0.006803 0.061224 0.006803 0.360544 
0.003636 0.498182 0.112727 0.069091 0.003636 0.003636 0.054545 0.076364 0.054545 0.040000 0.010909 0.003636 0.040000 0.025455 0.003636 
0.019868 0.059603 0.099338 0.033113 0.006623 0.019868 0.006623 0.059603 0.139073 0.006623 0.178808 0.006623 0.178808 0.006623 0.178808 
0.018182 0.006061 0.187879 0.018182 0.018182 0.006061 0.006061 0.090909 0.078788 0.006061 0.175758 0.030303 0.018182 0.006061 0.333333 
0.149321 0.085973 0.004525 0.022624 0.031674 0.004525 0.013575 0.022624 0.113122 0.122172 0.067873 0.004525 0.013575 0.149321 0.194570 
0.074627 0.353234 0.004975 0.034826 0.034826 0.024876 0.034826 0.004975 0.064677 0.044776 0.004975 0.014925 0.034826 0.104478 0.164179 
0.010169 0.118644 0.294915 0.098305 0.003390 0.003390 0.003390 0.016949 0.016949 0.023729 0.172881 0.003390 0.010169 0.003390 0.220339 
0.106145 0.229050 0.005587 0.061453 0.039106 0.005587 0.016760 0.027933 0.005587 0.016760 0.005587 0.072626 0.005587 0.050279 0.351955 
0.073892 0.231527 0.004926 0.014778 0.073892 0.024631 0.024631 0.024631 0.123153 0.133005 0.004926 0.024631 0.073892 0.073892 0.093596 
0.023411 0.117057 0.070234 0.070234 0.003344 0.003344 0.056856 0.103679 0.003344 0.003344 0.230769 0.010033 0.070234 0.050167 0.183946 
0.019455 0.260700 0.050584 0.120623 0.019455 0.027237 0.097276 0.019455 0.042802 0.035019 0.003891 0.003891 0.003891 0.050584 0.245136 
0.004219 0.299578 0.012658 0.164557 0.004219 0.021097 0.012658 0.080169 0.063291 0.004219 0.097046 0.046414 0.004219 0.181435 0.004219 
0.028807 0.168724 0.111111 0.012346 0.037037 0.144033 0.053498 0.028807 0.004115 0.020576 0.012346 0.004115 0.069959 0.234568 0.069959 
0.006289 0.031447 0.094340 0.044025 0.194969 0.006289 0.031447 0.182390 0.069182 0.132075 0.182390 0.006289 0.006289 0.006289 0.006289 
0.075145 0.063584 0.121387 0.028902 0.329480 0.040462 0.028902 0.040462 0.040462 0.040462 0.109827 0.017341 0.052023 0.005780 0.005780 
0.005587 0.441341 0.039106 0.016760 0.184358 0.005587 0.005587 0.005587 0.005587 0.094972 0.061453 0.005587 0.039106 0.083799 0.005587 
0.004367 0.117904 0.117904 0.126638 0.013100 0.013100 0.004367 0.030568 0.065502 0.082969 0.004367 0.056769 0.004367 0.152838 0.205240 
0.005291 0.259259 0.100529 0.015873 0.079365 0.079365 0.005291 0.079365 0.153439 0.005291 0.015873 0.005291 0.005291 0.047619 0.142857 
0.082873 0.016575 0.104972 0.049724 0.016575 0.149171 0.016575 0.016575 0.027624 0.082873 0.027624 0.027624 0.248619 0.005525 0.127072 
0.006711 0.046980 0.261745 0.046980 0.020134 0.127517 0.046980 0.046980 0.006711 0.073826 0.073826 0.100671 0.020134 0.020134 0.100671 
0.333333 0.068783 0.005291 0.005291 0.005291 0.015873 0.280423 0.015873 0.015873 0.068783 0.142857 0.005291 0.005291 0.015873 0.015873 
0.005464 0.060109 0.049180 0.027322 0.005464 0.092896 0.060109 0.016393 0.005464 0.092896 0.060109 0.038251 0.344262 0.114754 0.027322 
0.032864 0.230047 0.258216 0.014085 0.004695 0.014085 0.032864 0.032864 0.051643 0.032864 0.201878 0.023474 0.032864 0.004695 0.032864 
0.065089 0.384615 0.005917 0.029586 0.041420 0.159763 0.041420 0.005917 0.005917 0.112426 0.100592 0.005917 0.005917 0.005917 0.029586 
0.006211 0.329193 0.006211 0.142857 0.080745 0.018634 0.006211 0.043478 0.068323 0.006211 0.006211 0.130435 0.055901 0.093168 0.006211 
0.047120 0.350785 0.340314 0.005236 0.005236 0.005236 0.015707 0.026178 0.015707 0.026178 0.026178 0.109948 0.005236 0.015707 0.005236 
0.036269 0.119171 0.005181 0.036269 0.036269 0.015544 0.005181 0.025907 0.088083 0.015544 0.191710 0.015544 0.378238 0.005181 0.025907 
0.092896 0.169399 0.071038 0.005464 0.136612 0.005464 0.169399 0.027322 0.071038 0.103825 0.005464 0.016393 0.103825 0.005464 0.016393 
0.042424 0.054545 0.030303 0.224242 0.103030 0.115152 0.054545 0.006061 0.042424 0.139394 0.127273 0.006061 0.030303 0.018182 0.006061 
0.012766 0.046809 0.012766 0.234043 0.131915 0.004255 0.012766 0.046809 0.038298 0.004255 0.302128 0.038298 0.029787 0.012766 0.072340 
0.093596 0.113300 0.004926 0.142857 0.014778 0.024631 0.054187 0.024631 0.004926 0.113300 0.004926 0.014778 0.034483 0.251232 0.103448 
0.055215 0.092025 0.030675 0.055215 0.128834 0.079755 0.104294 0.006135 0.006135 0.214724 0.018405 0.006135 0.006135 0.018405 0.177914 
0.048649 0.005405 0.102703 0.113514 0.048649 0.005405 0.048649 0.059459 0.005405 0.178378 0.286486 0.016216 0.016216 0.016216 0.048649 
0.004926 0.251232 0.004926 0.004926 0.073892 0.024631 0.014778 0.004926 0.073892 0.083744 0.261084 0.024631 0.004926 0.093596 0.073892 
0.059289 0.027668 0.264822 0.083004 0.003953 0.067194 0.011858 0.083004 0.003953 0.003953 0.003953 0.003953 0.019763 0.193676 0.169960 
0.014354 0.368421 0.033493 0.043062 0.110048 0.023923 0.033493 0.014354 0.119617 0.004785 0.014354 0.033493 0.004785 0.004785 0.177033 
0.005650 0.129944 0.005650 0.050847 0.073446 0.005650 0.005650 0.050847 0.005650 0.118644 0.231638 0.152542 0.005650 0.152542 0.005650 
0.136000 0.200000 0.008000 0.056000 0.008000 0.104000 0.024000 0.040000 0.088000 0.008000 0.072000 0.088000 0.024000 0.136000 0.008000 
0.027027 0.297297 0.005405 0.037838 0.016216 0.145946 0.005405 0.027027 0.059459 0.091892 0.027027 0.124324 0.027027 0.102703 0.005405 
0.192982 0.005848 0.052632 0.005848 0.005848 0.005848 0.005848 0.005848 0.017544 0.005848 0.029240 0.029240 0.005848 0.228070 0.403509 
0.028571 0.120000 0.005714 0.005714 0.177143 0.005714 0.028571 0.005714 0.040000 0.062857 0.257143 0.108571 0.017143 0.108571 0.028571 
0.020134 0.154362 0.006711 0.140940 0.046980 0.060403 0.087248 0.060403 0.006711 0.006711 0.275168 0.073826 0.006711 0.020134 0.033557 
0.012552 0.004184 0.129707 0.037657 0.079498 0.163180 0.171548 0.012552 0.012552 0.004184 0.154812 0.004184 0.029289 0.012552 0.171548 
0.017143 0.257143 0.051429 0.028571 0.097143 0.051429 0.051429 0.040000 0.165714 0.005714 0.017143 0.005714 0.062857 0.142857 0.005714 
0.160221 0.082873 0.027624 0.038674 0.149171 0.027624 0.226519 0.082873 0.005525 0.005525 0.005525 0.049724 0.049724 0.082873 0.005525 
0.044335 0.004926 0.014778 0.014778 0.231527 0.034483 0.201970 0.152709 0.004926 0.093596 0.004926 0.004926 0.004926 0.014778 0.172414 
0.016575 0.292818 0.005525 0.016575 0.060773 0.038674 0.005525 0.016575 0.071823 0.005525 0.005525 0.027624 0.027624 0.392265 0.016575 
0.008000 0.376000 0.008000 0.040000 0.136000 0.104000 0.008000 0.056000 0.088000 0.008000 0.008000 0.024000 0.040000 0.040000 0.056000 
0.055118 0.086614 0.023622 0.007874 0.275591 0.007874 0.007874 0.055118 0.070866 0.007874 0.007874 0.007874 0.023622 0.023622 0.338583 
0.026738 0.176471 0.026738 0.005348 0.005348 0.005348 0.133690 0.016043 0.005348 0.048128 0.187166 0.165775 0.122995 0.037433 0.037433 
0.005464 0.038251 0.005464 0.060109 0.049180 0.092896 0.027322 0.005464 0.103825 0.071038 0.169399 0.016393 0.213115 0.136612 0.005464 
0.004525 0.330317 0.004525 0.085973 0.058824 0.113122 0.004525 0.004525 0.004525 0.058824 0.004525 0.276018 0.004525 0.040724 0.004525 
0.044025 0.333333 0.031447 0.044025 0.006289 0.006289 0.018868 0.031447 0.182390 0.106918 0.056604 0.006289 0.044025 0.081761 0.006289 
0.055319 0.055319 0.063830 0.021277 0.097872 0.021277 0.123404 0.021277 0.148936 0.021277 0.038298 0.063830 0.089362 0.004255 0.174468 
0.052632 0.403509 0.134503 0.005848 0.017544 0.005848 0.017544 0.005848 0.040936 0.216374 0.005848 0.017544 0.029240 0.017544 0.029240 
0.043478 0.026087 0.008696 0.130435 0.008696 0.043478 0.113043 0.078261 0.113043 0.008696 0.008696 0.234783 0.060870 0.008696 0.113043 
0.005650 0.107345 0.005650 0.186441 0.016949 0.005650 0.276836 0.050847 0.084746 0.016949 0.005650 0.129944 0.028249 0.005650 0.073446 
0.006452 0.148387 0.019355 0.006452 0.109677 0.006452 0.187097 0.135484 0.135484 0.006452 0.006452 0.148387 0.006452 0.070968 0.006452 
0.056911 0.008130 0.008130 0.024390 0.154472 0.008130 0.138211 0.089431 0.203252 0.024390 0.008130 0.252033 0.008130 0.008130 0.008130 
0.008696 0.043478 0.008696 0.008696 0.234783 0.130435 0.130435 0.026087 0.008696 0.008696 0.026087 0.252174 0.026087 0.060870 0.026087 
0.116279 0.116279 0.038760 0.007752 0.023256 0.007752 0.038760 0.007752 0.162791 0.023256 0.023256 0.286822 0.007752 0.131783 0.007752 
0.008403 0.008403 0.008403 0.008403 0.008403 0.109244 0.008403 0.058824 0.025210 0.058824 0.058824 0.512605 0.025210 0.042017 0.058824 
0.029586 0.005917 0.029586 0.005917 0.408284 0.029586 0.005917 0.041420 0.005917 0.029586 0.041420 0.041420 0.076923 0.242604 0.005917 
0.100775 0.007752 0.007752 0.007752 0.147287 0.038760 0.271318 0.007752 0.069767 0.007752 0.116279 0.069767 0.085271 0.054264 0.007752 
0.040000 0.024000 0.088000 0.008000 0.168000 0.008000 0.008000 0.008000 0.136000 0.152000 0.040000 0.296000 0.008000 0.008000 0.008000 
0.106599 0.015228 0.045685 0.116751 0.015228 0.076142 0.005076 0.177665 0.218274 0.015228 0.035533 0.137056 0.005076 0.005076 0.025381 
0.008130 0.008130 0.008130 0.008130 0.170732 0.008130 0.121951 0.008130 0.154472 0.024390 0.056911 0.398374 0.008130 0.008130 0.008130 
0.015707 0.026178 0.151832 0.005236 0.141361 0.068063 0.005236 0.015707 0.120419 0.057592 0.015707 0.026178 0.319372 0.026178 0.005236 
0.037657 0.020921 0.004184 0.171548 0.096234 0.029289 0.020921 0.087866 0.012552 0.071130 0.004184 0.004184 0.004184 0.313808 0.121339 
0.182320 0.049724 0.005525 0.005525 0.149171 0.005525 0.060773 0.027624 0.104972 0.093923 0.127072 0.016575 0.116022 0.027624 0.027624 
0.130802 0.012658 0.004219 0.088608 0.400844 0.012658 0.012658 0.004219 0.037975 0.012658 0.122363 0.029536 0.021097 0.004219 0.105485 
0.074830 0.020408 0.006803 0.006803 0.088435 0.088435 0.115646 0.020408 0.251701 0.170068 0.006803 0.006803 0.088435 0.047619 0.006803 
0.006211 0.018634 0.031056 0.018634 0.515528 0.006211 0.006211 0.018634 0.055901 0.180124 0.031056 0.006211 0.018634 0.080745 0.006211 
0.197452 0.031847 0.159236 0.006369 0.044586 0.019108 0.006369 0.006369 0.082803 0.019108 0.070064 0.095541 0.006369 0.057325 0.197452 
0.169811 0.132075 0.056604 0.081761 0.169811 0.094340 0.056604 0.006289 0.006289 0.069182 0.069182 0.069182 0.006289 0.006289 0.006289 
0.007407 0.007407 0.185185 0.081481 0.214815 0.140741 0.007407 0.037037 0.140741 0.007407 0.037037 0.007407 0.007407 0.007407 0.111111 
0.158621 0.241379 0.020690 0.006897 0.200000 0.034483 0.062069 0.034483 0.006897 0.062069 0.020690 0.006897 0.006897 0.034483 0.103448 
0.007519 0.067669 0.022556 0.007519 0.353383 0.022556 0.007519 0.037594 0.022556 0.127820 0.187970 0.007519 0.007519 0.037594 0.082707 
0.006289 0.081761 0.018868 0.031447 0.006289 0.069182 0.157233 0.006289 0.194969 0.106918 0.006289 0.006289 0.119497 0.006289 0.182390 
0.049724 0.038674 0.049724 0.127072 0.204420 0.005525 0.038674 0.127072 0.071823 0.005525 0.071823 0.071823 0.005525 0.116022 0.016575 
0.133690 0.037433 0.005348 0.037433 0.219251 0.005348 0.187166 0.026738 0.155080 0.016043 0.026738 0.016043 0.037433 0.090909 0.005348 
0.007519 0.097744 0.037594 0.067669 0.097744 0.022556 0.022556 0.007519 0.187970 0.308271 0.082707 0.022556 0.022556 0.007519 0.007519 
0.097345 0.008850 0.026549 0.008850 0.008850 0.008850 0.097345 0.008850 0.168142 0.026549 0.097345 0.362832 0.008850 0.008850 0.061947 
0.044025 0.018868 0.157233 0.006289 0.018868 0.006289 0.031447 0.056604 0.006289 0.081761 0.018868 0.220126 0.006289 0.283019 0.044025 
0.024000 0.008000 0.040000 0.040000 0.104000 0.136000 0.184000 0.008000 0.008000 0.184000 0.040000 0.120000 0.056000 0.024000 0.024000 
0.038674 0.093923 0.060773 0.093923 0.226519 0.016575 0.215470 0.016575 0.049724 0.005525 0.049724 0.071823 0.016575 0.016575 0.027624 
0.087248 0.020134 0.087248 0.006711 0.006711 0.060403 0.140940 0.140940 0.234899 0.060403 0.073826 0.046980 0.006711 0.020134 0.006711 
0.005587 0.128492 0.039106 0.005587 0.296089 0.005587 0.229050 0.050279 0.005587 0.016760 0.050279 0.005587 0.016760 0.039106 0.106145 
0.006993 0.020979 0.006993 0.006993 0.020979 0.006993 0.230769 0.062937 0.258741 0.006993 0.006993 0.062937 0.020979 0.258741 0.020979 
0.006897 0.006897 0.062069 0.062069 0.048276 0.034483 0.144828 0.020690 0.006897 0.089655 0.048276 0.089655 0.034483 0.296552 0.048276 
0.038760 0.069767 0.007752 0.038760 0.054264 0.007752 0.007752 0.038760 0.023256 0.209302 0.007752 0.209302 0.054264 0.224806 0.007752 
0.027322 0.005464 0.005464 0.071038 0.300546 0.213115 0.005464 0.071038 0.005464 0.016393 0.016393 0.136612 0.092896 0.016393 0.016393 
0.004049 0.004049 0.133603 0.085020 0.052632 0.044534 0.012146 0.012146 0.157895 0.141700 0.206478 0.068826 0.068826 0.004049 0.004049 
0.162791 0.038760 0.007752 0.054264 0.162791 0.007752 0.069767 0.023256 0.116279 0.085271 0.054264 0.038760 0.023256 0.147287 0.007752 
0.090047 0.071090 0.042654 0.042654 0.052133 0.004739 0.080569 0.004739 0.004739 0.004739 0.014218 0.004739 0.023697 0.345972 0.213270 
0.015707 0.246073 0.015707 0.015707 0.005236 0.005236 0.214660 0.026178 0.099476 0.005236 0.068063 0.047120 0.057592 0.172775 0.005236 
0.005714 0.142857 0.062857 0.005714 0.120000 0.108571 0.028571 0.005714 0.017143 0.040000 0.017143 0.005714 0.005714 0.005714 0.428571 
0.006061 0.393939 0.151515 0.018182 0.006061 0.127273 0.090909 0.006061 0.066667 0.006061 0.006061 0.018182 0.018182 0.078788 0.006061 
0.004566 0.159817 0.068493 0.041096 0.004566 0.004566 0.050228 0.004566 0.214612 0.105023 0.004566 0.031963 0.031963 0.013699 0.260274 
0.015075 0.356784 0.035176 0.145729 0.115578 0.045226 0.025126 0.005025 0.005025 0.005025 0.015075 0.045226 0.145729 0.015075 0.025126 
0.092896 0.005464 0.125683 0.005464 0.005464 0.005464 0.191257 0.060109 0.005464 0.136612 0.038251 0.038251 0.060109 0.005464 0.224044 
0.015707 0.015707 0.151832 0.078534 0.005236 0.099476 0.047120 0.005236 0.047120 0.057592 0.109948 0.089005 0.005236 0.015707 0.256545 
0.006135 0.263804 0.006135 0.042945 0.153374 0.006135 0.042945 0.006135 0.018405 0.067485 0.042945 0.067485 0.006135 0.251534 0.018405 
0.035971 0.050360 0.021583 0.021583 0.352518 0.021583 0.035971 0.021583 0.151079 0.021583 0.021583 0.064748 0.007194 0.151079 0.021583 
0.132075 0.031447 0.056604 0.069182 0.018868 0.006289 0.094340 0.006289 0.245283 0.232704 0.006289 0.018868 0.006289 0.006289 0.069182 
0.134884 0.283721 0.013953 0.013953 0.106977 0.060465 0.162791 0.023256 0.032558 0.004651 0.013953 0.013953 0.004651 0.125581 0.004651 
0.007407 0.081481 0.007407 0.022222 0.111111 0.007407 0.274074 0.007407 0.140741 0.007407 0.096296 0.066667 0.022222 0.125926 0.022222 
0.165775 0.048128 0.026738 0.005348 0.016043 0.005348 0.101604 0.016043 0.251337 0.112299 0.005348 0.037433 0.058824 0.058824 0.090909 
0.052632 0.157895 0.020243 0.004049 0.020243 0.068826 0.117409 0.004049 0.068826 0.117409 0.255061 0.012146 0.093117 0.004049 0.004049 
0.005348 0.005348 0.005348 0.229947 0.101604 0.005348 0.122995 0.037433 0.101604 0.005348 0.058824 0.016043 0.005348 0.229947 0.069519 
0.037037 0.007407 0.007407 0.007407 0.214815 0.037037 0.214815 0.007407 0.022222 0.155556 0.051852 0.007407 0.007407 0.096296 0.125926 
0.062802 0.004831 0.091787 0.294686 0.149758 0.004831 0.033816 0.033816 0.053140 0.062802 0.014493 0.033816 0.101449 0.043478 0.014493 
0.006711 0.033557 0.006711 0.006711 0.476510 0.033557 0.006711 0.046980 0.006711 0.261745 0.006711 0.033557 0.006711 0.033557 0.033557 
0.154229 0.004975 0.014925 0.064677 0.004975 0.004975 0.084577 0.054726 0.363184 0.014925 0.024876 0.164179 0.004975 0.024876 0.014925 
0.017964 0.005988 0.017964 0.053892 0.209581 0.005988 0.005988 0.005988 0.161677 0.077844 0.005988 0.017964 0.257485 0.113772 0.041916 
0.015385 0.025641 0.005128 0.005128 0.169231 0.035897 0.220513 0.087179 0.046154 0.107692 0.005128 0.148718 0.117949 0.005128 0.005128 
0.005128 0.005128 0.056410 0.076923 0.169231 0.035897 0.005128 0.005128 0.035897 0.005128 0.005128 0.097436 0.138462 0.128205 0.230769 
0.004405 0.004405 0.171806 0.004405 0.039648 0.004405 0.118943 0.057269 0.083700 0.162996 0.171806 0.057269 0.022026 0.004405 0.092511 
0.078014 0.007092 0.007092 0.063830 0.007092 0.021277 0.219858 0.007092 0.361702 0.007092 0.007092 0.106383 0.049645 0.007092 0.049645 
0.021583 0.007194 0.007194 0.064748 0.582734 0.007194 0.007194 0.007194 0.021583 0.021583 0.035971 0.165468 0.035971 0.007194 0.007194 
0.104000 0.008000 0.008000 0.040000 0.216000 0.008000 0.088000 0.008000 0.216000 0.056000 0.056000 0.072000 0.008000 0.104000 0.008000 
0.006452 0.006452 0.045161 0.006452 0.006452 0.006452 0.277419 0.148387 0.032258 0.109677 0.006452 0.251613 0.019355 0.070968 0.006452 
0.138122 0.182320 0.027624 0.005525 0.149171 0.071823 0.027624 0.005525 0.005525 0.016575 0.259669 0.005525 0.005525 0.027624 0.071823 
0.058824 0.032680 0.058824 0.045752 0.294118 0.006536 0.071895 0.006536 0.071895 0.032680 0.111111 0.137255 0.006536 0.032680 0.032680 
0.251337 0.144385 0.101604 0.005348 0.005348 0.090909 0.005348 0.090909 0.026738 0.005348 0.069519 0.069519 0.101604 0.005348 0.026738 
0.024390 0.121951 0.008130 0.008130 0.040650 0.105691 0.203252 0.040650 0.024390 0.073171 0.024390 0.268293 0.024390 0.008130 0.024390 
0.006135 0.153374 0.030675 0.055215 0.251534 0.104294 0.079755 0.006135 0.092025 0.030675 0.067485 0.055215 0.006135 0.042945 0.018405 
0.006061 0.006061 0.018182 0.115152 0.224242 0.139394 0.006061 0.078788 0.066667 0.090909 0.006061 0.163636 0.018182 0.006061 0.054545 
0.005780 0.283237 0.005780 0.005780 0.017341 0.005780 0.109827 0.005780 0.225434 0.156069 0.005780 0.017341 0.028902 0.109827 0.017341 
0.027624 0.215470 0.005525 0.005525 0.303867 0.027624 0.215470 0.016575 0.005525 0.005525 0.082873 0.005525 0.016575 0.016575 0.049724 
0.005988 0.029940 0.005988 0.005988 0.293413 0.005988 0.161677 0.005988 0.017964 0.041916 0.005988 0.269461 0.005988 0.137725 0.005988 
0.150327 0.058824 0.019608 0.006536 0.084967 0.006536 0.032680 0.045752 0.084967 0.124183 0.019608 0.006536 0.006536 0.346405 0.006536 
0.067485 0.006135 0.030675 0.092025 0.202454 0.018405 0.104294 0.055215 0.006135 0.128834 0.006135 0.153374 0.018405 0.092025 0.018405 
0.006711 0.020134 0.033557 0.006711 0.006711 0.006711 0.234899 0.006711 0.020134 0.087248 0.006711 0.181208 0.006711 0.261745 0.114094 
0.185185 0.007407 0.066667 0.140741 0.066667 0.111111 0.007407 0.022222 0.022222 0.288889 0.007407 0.007407 0.022222 0.022222 0.022222 
0.107345 0.028249 0.175141 0.005650 0.005650 0.016949 0.129944 0.062147 0.005650 0.118644 0.005650 0.242938 0.050847 0.028249 0.016949 
0.006369 0.006369 0.057325 0.006369 0.082803 0.146497 0.006369 0.019108 0.006369 0.019108 0.235669 0.388535 0.006369 0.006369 0.006369 
0.005650 0.005650 0.016949 0.062147 0.163842 0.028249 0.355932 0.028249 0.016949 0.073446 0.016949 0.016949 0.005650 0.005650 0.197740 
0.111111 0.006536 0.111111 0.006536 0.176471 0.019608 0.019608 0.006536 0.084967 0.084967 0.019608 0.032680 0.006536 0.176471 0.137255 
0.046358 0.019868 0.033113 0.006623 0.033113 0.072848 0.033113 0.059603 0.006623 0.019868 0.019868 0.337748 0.139073 0.072848 0.099338 
0.018868 0.018868 0.081761 0.044025 0.006289 0.094340 0.006289 0.056604 0.006289 0.006289 0.031447 0.383648 0.006289 0.220126 0.018868 
0.038674 0.049724 0.082873 0.060773 0.027624 0.038674 0.016575 0.027624 0.016575 0.016575 0.005525 0.193370 0.016575 0.403315 0.005525 
0.208511 0.055319 0.089362 0.234043 0.097872 0.004255 0.046809 0.072340 0.012766 0.012766 0.012766 0.123404 0.004255 0.004255 0.021277 
0.021583 0.007194 0.007194 0.007194 0.165468 0.007194 0.007194 0.007194 0.107914 0.007194 0.021583 0.194245 0.007194 0.352518 0.079137 
0.007519 0.007519 0.007519 0.007519 0.097744 0.007519 0.218045 0.007519 0.052632 0.022556 0.007519 0.293233 0.052632 0.203008 0.007519 
0.205674 0.092199 0.007092 0.035461 0.390071 0.007092 0.049645 0.007092 0.021277 0.007092 0.021277 0.007092 0.120567 0.021277 0.007092 
0.005025 0.005025 0.065327 0.005025 0.226131 0.005025 0.005025 0.025126 0.005025 0.115578 0.015075 0.045226 0.115578 0.105528 0.256281 
0.056604 0.056604 0.006289 0.006289 0.018868 0.006289 0.220126 0.056604 0.006289 0.018868 0.044025 0.006289 0.106918 0.383648 0.006289 
0.189542 0.098039 0.006536 0.006536 0.084967 0.032680 0.267974 0.006536 0.032680 0.071895 0.019608 0.032680 0.006536 0.137255 0.006536 
0.016043 0.037433 0.048128 0.016043 0.251337 0.122995 0.026738 0.005348 0.005348 0.005348 0.048128 0.122995 0.016043 0.262032 0.016043 
0.041420 0.005917 0.230769 0.005917 0.159763 0.017751 0.112426 0.076923 0.053254 0.041420 0.065089 0.124260 0.017751 0.005917 0.041420 
0.061453 0.206704 0.005587 0.094972 0.128492 0.005587 0.016760 0.027933 0.005587 0.083799 0.061453 0.173184 0.005587 0.027933 0.094972 
0.023041 0.041475 0.198157 0.096774 0.142857 0.004608 0.115207 0.078341 0.023041 0.004608 0.059908 0.105991 0.078341 0.013825 0.013825 
0.006711 0.020134 0.006711 0.114094 0.060403 0.006711 0.181208 0.006711 0.221477 0.020134 0.006711 0.114094 0.046980 0.167785 0.020134 
0.006897 0.020690 0.089655 0.006897 0.048276 0.006897 0.034483 0.006897 0.006897 0.062069 0.006897 0.434483 0.006897 0.213793 0.048276 
0.016760 0.005587 0.005587 0.005587 0.374302 0.039106 0.296089 0.005587 0.027933 0.061453 0.005587 0.005587 0.050279 0.094972 0.005587 
0.233831 0.074627 0.044776 0.064677 0.134328 0.034826 0.074627 0.064677 0.004975 0.014925 0.004975 0.094527 0.014925 0.124378 0.014925 
0.127273 0.006061 0.236364 0.054545 0.103030 0.115152 0.018182 0.030303 0.006061 0.030303 0.006061 0.103030 0.042424 0.103030 0.018182 
0.006211 0.006211 0.204969 0.031056 0.142857 0.031056 0.242236 0.031056 0.093168 0.018634 0.043478 0.018634 0.006211 0.093168 0.031056 
0.035971 0.223022 0.151079 0.007194 0.179856 0.007194 0.035971 0.064748 0.021583 0.021583 0.007194 0.007194 0.007194 0.223022 0.007194 
0.083969 0.053435 0.053435 0.022901 0.022901 0.114504 0.129771 0.007634 0.038168 0.175573 0.007634 0.099237 0.114504 0.068702 0.007634 
0.165468 0.223022 0.021583 0.093525 0.007194 0.007194 0.021583 0.007194 0.093525 0.179856 0.007194 0.021583 0.050360 0.064748 0.035971 
0.022026 0.066079 0.004405 0.110132 0.083700 0.048458 0.022026 0.013216 0.092511 0.145374 0.004405 0.110132 0.022026 0.048458 0.207048 
0.006135 0.079755 0.349693 0.055215 0.030675 0.006135 0.018405 0.067485 0.300613 0.006135 0.006135 0.042945 0.006135 0.006135 0.018405 
0.006803 0.020408 0.034014 0.047619 0.156463 0.006803 0.170068 0.020408 0.020408 0.006803 0.006803 0.170068 0.156463 0.115646 0.061224 
0.136095 0.005917 0.005917 0.005917 0.005917 0.017751 0.159763 0.005917 0.065089 0.005917 0.053254 0.278107 0.088757 0.159763 0.005917 
0.198068 0.004831 0.091787 0.062802 0.062802 0.004831 0.014493 0.004831 0.178744 0.004831 0.024155 0.043478 0.004831 0.285024 0.014493 
0.039106 0.005587 0.050279 0.117318 0.206704 0.005587 0.072626 0.005587 0.050279 0.005587 0.016760 0.072626 0.072626 0.217877 0.061453 
0.298246 0.076023 0.005848 0.017544 0.087719 0.005848 0.076023 0.005848 0.192982 0.005848 0.005848 0.017544 0.005848 0.087719 0.111111 
0.006452 0.006452 0.006452 0.083871 0.148387 0.006452 0.006452 0.032258 0.019355 0.200000 0.006452 0.135484 0.019355 0.083871 0.238710 
0.296482 0.095477 0.075377 0.075377 0.015075 0.005025 0.005025 0.115578 0.005025 0.005025 0.045226 0.125628 0.015075 0.105528 0.015075 
0.093333 0.093333 0.004444 0.022222 0.191111 0.013333 0.084444 0.004444 0.004444 0.004444 0.004444 0.013333 0.004444 0.457778 0.004444 
0.075145 0.156069 0.098266 0.075145 0.040462 0.005780 0.132948 0.017341 0.063584 0.121387 0.005780 0.005780 0.005780 0.190751 0.005780 
0.060773 0.005525 0.127072 0.005525 0.149171 0.082873 0.027624 0.016575 0.193370 0.016575 0.005525 0.038674 0.005525 0.259669 0.005525 
0.022222 0.007407 0.007407 0.229630 0.185185 0.007407 0.111111 0.007407 0.200000 0.037037 0.022222 0.037037 0.066667 0.037037 0.022222 
0.217778 0.004444 0.048889 0.013333 0.155556 0.075556 0.137778 0.004444 0.031111 0.022222 0.004444 0.004444 0.004444 0.262222 0.013333 
0.077720 0.025907 0.046632 0.077720 0.202073 0.005181 0.056995 0.202073 0.005181 0.005181 0.088083 0.088083 0.025907 0.077720 0.015544 
0.006711 0.006711 0.020134 0.046980 0.181208 0.006711 0.006711 0.006711 0.315436 0.194631 0.006711 0.046980 0.020134 0.006711 0.127517 
0.005525 0.005525 0.116022 0.104972 0.292818 0.016575 0.259669 0.038674 0.005525 0.016575 0.005525 0.027624 0.038674 0.005525 0.060773 
0.006061 0.018182 0.018182 0.103030 0.139394 0.090909 0.139394 0.078788 0.066667 0.006061 0.006061 0.115152 0.151515 0.018182 0.042424 
0.042424 0.054545 0.006061 0.006061 0.163636 0.018182 0.103030 0.175758 0.272727 0.006061 0.030303 0.006061 0.006061 0.066667 0.042424 
0.019355 0.006452 0.006452 0.032258 0.070968 0.006452 0.341935 0.006452 0.006452 0.032258 0.006452 0.161290 0.135484 0.161290 0.006452 
0.013333 0.137778 0.173333 0.102222 0.040000 0.013333 0.004444 0.031111 0.022222 0.048889 0.128889 0.200000 0.031111 0.048889 0.004444 
0.019608 0.032680 0.019608 0.006536 0.163399 0.084967 0.084967 0.045752 0.019608 0.071895 0.006536 0.228758 0.032680 0.163399 0.019608 
0.007874 0.023622 0.133858 0.039370 0.055118 0.102362 0.007874 0.023622 0.149606 0.102362 0.039370 0.244094 0.007874 0.023622 0.039370 
0.024000 0.008000 0.024000 0.008000 0.408000 0.008000 0.104000 0.008000 0.088000 0.008000 0.040000 0.056000 0.024000 0.008000 0.184000 
0.058201 0.216931 0.015873 0.005291 0.216931 0.005291 0.005291 0.005291 0.037037 0.058201 0.079365 0.079365 0.015873 0.132275 0.068783 
0.015228 0.025381 0.015228 0.015228 0.177665 0.116751 0.076142 0.045685 0.106599 0.106599 0.045685 0.015228 0.005076 0.218274 0.015228 
0.007519 0.052632 0.022556 0.007519 0.443609 0.097744 0.022556 0.022556 0.007519 0.022556 0.007519 0.007519 0.007519 0.218045 0.052632 
0.167347 0.004082 0.151020 0.036735 0.028571 0.004082 0.036735 0.004082 0.020408 0.036735 0.093878 0.004082 0.004082 0.322449 0.085714 
0.210191 0.006369 0.031847 0.006369 0.019108 0.031847 0.095541 0.031847 0.031847 0.082803 0.006369 0.159236 0.057325 0.197452 0.031847 
0.027888 0.059761 0.266932 0.147410 0.011952 0.003984 0.123506 0.051793 0.027888 0.003984 0.011952 0.035857 0.155378 0.051793 0.019920 
0.018634 0.055901 0.080745 0.031056 0.403727 0.018634 0.006211 0.006211 0.006211 0.043478 0.018634 0.217391 0.006211 0.080745 0.006211 
0.013100 0.004367 0.013100 0.144105 0.126638 0.004367 0.048035 0.091703 0.004367 0.004367 0.004367 0.117904 0.196507 0.004367 0.222707 
0.056000 0.008000 0.232000 0.024000 0.248000 0.008000 0.008000 0.056000 0.088000 0.008000 0.072000 0.168000 0.008000 0.008000 0.008000 
0.005587 0.050279 0.094972 0.072626 0.128492 0.005587 0.005587 0.050279 0.005587 0.094972 0.117318 0.094972 0.005587 0.162011 0.106145 
0.025381 0.005076 0.258883 0.005076 0.045685 0.005076 0.116751 0.116751 0.005076 0.005076 0.065990 0.086294 0.086294 0.137056 0.035533 
0.113514 0.016216 0.254054 0.005405 0.037838 0.135135 0.005405 0.016216 0.005405 0.091892 0.156757 0.081081 0.048649 0.016216 0.016216 
0.012766 0.012766 0.038298 0.029787 0.055319 0.200000 0.072340 0.004255 0.089362 0.123404 0.106383 0.004255 0.072340 0.157447 0.021277 
0.005988 0.005988 0.209581 0.005988 0.077844 0.077844 0.065868 0.065868 0.089820 0.017964 0.185629 0.089820 0.065868 0.029940 0.005988 
0.026087 0.095652 0.008696 0.026087 0.165217 0.008696 0.026087 0.026087 0.008696 0.113043 0.113043 0.304348 0.008696 0.043478 0.026087 
0.004831 0.265700 0.004831 0.053140 0.159420 0.024155 0.043478 0.004831 0.014493 0.265700 0.004831 0.014493 0.004831 0.130435 0.004831 
0.083799 0.195531 0.005587 0.016760 0.005587 0.005587 0.039106 0.039106 0.005587 0.184358 0.083799 0.229050 0.005587 0.083799 0.016760 
0.055838 0.096447 0.035533 0.005076 0.096447 0.106599 0.005076 0.005076 0.055838 0.086294 0.086294 0.025381 0.065990 0.269036 0.005076 
0.238095 0.132275 0.111111 0.015873 0.005291 0.005291 0.015873 0.047619 0.111111 0.005291 0.089947 0.058201 0.142857 0.015873 0.005291 
0.167630 0.190751 0.017341 0.005780 0.005780 0.005780 0.005780 0.005780 0.017341 0.028902 0.005780 0.213873 0.294798 0.017341 0.017341 
0.120419 0.120419 0.015707 0.047120 0.162304 0.015707 0.130890 0.005236 0.015707 0.005236 0.005236 0.172775 0.005236 0.141361 0.036649 
0.328859 0.006711 0.006711 0.140940 0.006711 0.033557 0.033557 0.006711 0.140940 0.020134 0.020134 0.221477 0.006711 0.006711 0.020134 
0.005076 0.025381 0.015228 0.015228 0.401015 0.005076 0.137056 0.126904 0.035533 0.045685 0.005076 0.137056 0.025381 0.005076 0.015228 
0.028571 0.062857 0.120000 0.005714 0.062857 0.005714 0.245714 0.154286 0.005714 0.142857 0.074286 0.040000 0.017143 0.005714 0.028571 
0.027027 0.286486 0.070270 0.005405 0.102703 0.016216 0.005405 0.005405 0.081081 0.081081 0.005405 0.124324 0.016216 0.027027 0.145946 
0.006061 0.018182 0.078788 0.030303 0.030303 0.006061 0.006061 0.006061 0.006061 0.006061 0.066667 0.393939 0.187879 0.090909 0.066667 
0.037037 0.185185 0.005291 0.089947 0.037037 0.100529 0.015873 0.005291 0.005291 0.015873 0.015873 0.248677 0.047619 0.174603 0.015873 
0.017544 0.017544 0.005848 0.017544 0.134503 0.005848 0.087719 0.064327 0.157895 0.017544 0.005848 0.029240 0.005848 0.040936 0.391813 
0.217391 0.101449 0.043478 0.082126 0.091787 0.004831 0.043478 0.024155 0.004831 0.043478 0.149758 0.024155 0.004831 0.149758 0.014493 
0.006803 0.115646 0.034014 0.061224 0.142857 0.102041 0.020408 0.020408 0.047619 0.047619 0.006803 0.292517 0.006803 0.047619 0.047619 
0.113043 0.078261 0.026087 0.008696 0.008696 0.113043 0.008696 0.078261 0.130435 0.095652 0.008696 0.269565 0.043478 0.008696 0.008696 
0.008264 0.008264 0.008264 0.024793 0.289256 0.041322 0.008264 0.041322 0.074380 0.008264 0.024793 0.123967 0.024793 0.173554 0.140496 
0.115578 0.216080 0.135678 0.015075 0.246231 0.015075 0.015075 0.015075 0.005025 0.055276 0.005025 0.015075 0.055276 0.075377 0.015075 
0.006061 0.175758 0.018182 0.006061 0.042424 0.090909 0.151515 0.054545 0.078788 0.030303 0.006061 0.066667 0.030303 0.200000 0.042424 
