0.230126 0.071130 0.171548 0.112971 0.012552 0.004184 0.004184 0.012552 0.104603 0.020921 0.012552 0.012552 0.004184 0.012552 0.213389 
0.076923 0.203620 0.158371 0.104072 0.004525 0.004525 0.031674 0.004525 0.022624 0.040724 0.049774 0.004525 0.095023 0.067873 0.131222 
0.004367 0.353712 0.091703 0.135371 0.013100 0.004367 0.039301 0.004367 0.004367 0.109170 0.065502 0.013100 0.004367 0.091703 0.065502 
0.005076 0.045685 0.015228 0.116751 0.005076 0.005076 0.005076 0.157360 0.045685 0.096447 0.035533 0.035533 0.005076 0.045685 0.380711 
0.018315 0.069597 0.179487 0.230769 0.010989 0.003663 0.003663 0.018315 0.113553 0.010989 0.164835 0.025641 0.003663 0.010989 0.135531 
0.023697 0.109005 0.004739 0.071090 0.222749 0.004739 0.004739 0.004739 0.004739 0.023697 0.014218 0.023697 0.042654 0.023697 0.421801 
0.046025 0.271967 0.322176 0.046025 0.012552 0.037657 0.004184 0.012552 0.004184 0.029289 0.012552 0.012552 0.004184 0.087866 0.096234 
0.005076 0.187817 0.005076 0.045685 0.015228 0.005076 0.015228 0.005076 0.116751 0.005076 0.167513 0.025381 0.096447 0.005076 0.299492 
0.029289 0.230126 0.037657 0.146444 0.004184 0.004184 0.004184 0.004184 0.012552 0.020921 0.255230 0.037657 0.020921 0.004184 0.188285 
0.019608 0.254902 0.045752 0.006536 0.019608 0.032680 0.084967 0.006536 0.006536 0.006536 0.045752 0.045752 0.163399 0.032680 0.228758 
0.061728 0.135802 0.440329 0.102881 0.004115 0.020576 0.012346 0.102881 0.004115 0.012346 0.037037 0.037037 0.020576 0.004115 0.004115 
0.020921 0.179916 0.238494 0.196653 0.029289 0.004184 0.029289 0.004184 0.012552 0.112971 0.004184 0.012552 0.037657 0.020921 0.096234 
0.025126 0.055276 0.005025 0.175879 0.005025 0.125628 0.025126 0.015075 0.135678 0.075377 0.025126 0.005025 0.115578 0.075377 0.135678 
0.023256 0.367442 0.144186 0.097674 0.060465 0.004651 0.013953 0.032558 0.013953 0.013953 0.041860 0.069767 0.004651 0.032558 0.079070 
0.003460 0.079585 0.017301 0.134948 0.003460 0.024221 0.079585 0.003460 0.100346 0.010381 0.183391 0.031142 0.003460 0.176471 0.148789 
0.004608 0.336406 0.050691 0.179724 0.023041 0.023041 0.023041 0.069124 0.069124 0.013825 0.170507 0.004608 0.004608 0.023041 0.004608 
0.198238 0.030837 0.171806 0.066079 0.013216 0.004405 0.022026 0.004405 0.048458 0.013216 0.004405 0.066079 0.074890 0.004405 0.277533 
0.047619 0.223443 0.267399 0.098901 0.142857 0.010989 0.010989 0.003663 0.003663 0.047619 0.003663 0.003663 0.010989 0.003663 0.120879 
0.003717 0.085502 0.018587 0.092937 0.033457 0.033457 0.033457 0.152416 0.011152 0.011152 0.033457 0.011152 0.003717 0.040892 0.434944 
0.019455 0.003891 0.011673 0.307393 0.011673 0.003891 0.003891 0.003891 0.136187 0.019455 0.003891 0.058366 0.050584 0.019455 0.346304 
0.019868 0.443709 0.006623 0.006623 0.006623 0.019868 0.006623 0.033113 0.152318 0.033113 0.019868 0.006623 0.019868 0.178808 0.046358 
0.004831 0.236715 0.004831 0.178744 0.014493 0.043478 0.043478 0.111111 0.014493 0.004831 0.072464 0.014493 0.140097 0.024155 0.091787 
0.004405 0.083700 0.171806 0.136564 0.004405 0.030837 0.048458 0.136564 0.004405 0.013216 0.039648 0.039648 0.101322 0.022026 0.162996 
0.006135 0.030675 0.018405 0.239264 0.042945 0.067485 0.055215 0.006135 0.030675 0.079755 0.141104 0.006135 0.042945 0.042945 0.190184 
0.027027 0.156757 0.048649 0.027027 0.005405 0.027027 0.070270 0.016216 0.016216 0.210811 0.091892 0.027027 0.005405 0.037838 0.232432 
0.035533 0.421320 0.015228 0.005076 0.005076 0.035533 0.005076 0.025381 0.065990 0.005076 0.055838 0.005076 0.076142 0.045685 0.197970 
0.061728 0.152263 0.251029 0.086420 0.004115 0.020576 0.004115 0.037037 0.004115 0.111111 0.020576 0.004115 0.020576 0.102881 0.119342 
0.026415 0.207547 0.064151 0.094340 0.041509 0.026415 0.003774 0.003774 0.041509 0.275472 0.003774 0.071698 0.018868 0.018868 0.101887 
0.007792 0.241558 0.267532 0.163636 0.002597 0.012987 0.002597 0.038961 0.028571 0.012987 0.090909 0.007792 0.007792 0.044156 0.070130 
0.026616 0.034221 0.026616 0.429658 0.095057 0.064639 0.003802 0.133080 0.049430 0.026616 0.034221 0.003802 0.034221 0.034221 0.003802 
0.017143 0.234286 0.017143 0.017143 0.005714 0.028571 0.005714 0.005714 0.017143 0.017143 0.131429 0.028571 0.005714 0.005714 0.462857 
0.004831 0.217391 0.072464 0.140097 0.004831 0.043478 0.033816 0.014493 0.004831 0.014493 0.053140 0.004831 0.014493 0.188406 0.188406 
0.093923 0.005525 0.005525 0.016575 0.093923 0.038674 0.016575 0.093923 0.016575 0.060773 0.237569 0.027624 0.027624 0.071823 0.193370 
0.006623 0.377483 0.006623 0.033113 0.072848 0.019868 0.006623 0.033113 0.046358 0.006623 0.046358 0.006623 0.046358 0.086093 0.205298 
0.015544 0.305699 0.067358 0.139896 0.005181 0.025907 0.005181 0.025907 0.077720 0.005181 0.046632 0.139896 0.005181 0.025907 0.108808 
0.006061 0.393939 0.006061 0.115152 0.006061 0.006061 0.018182 0.200000 0.006061 0.115152 0.006061 0.018182 0.042424 0.006061 0.054545 
0.116466 0.164659 0.004016 0.108434 0.004016 0.004016 0.020080 0.116466 0.012048 0.036145 0.084337 0.076305 0.004016 0.132530 0.116466 
0.054726 0.154229 0.024876 0.184080 0.024876 0.004975 0.004975 0.004975 0.054726 0.004975 0.164179 0.004975 0.014925 0.154229 0.144279 
0.005464 0.322404 0.049180 0.049180 0.027322 0.027322 0.016393 0.027322 0.005464 0.136612 0.016393 0.005464 0.038251 0.158470 0.114754 
0.011236 0.116105 0.183521 0.048689 0.011236 0.003745 0.003745 0.026217 0.003745 0.011236 0.041199 0.026217 0.176030 0.161049 0.176030 
0.002833 0.382436 0.042493 0.184136 0.002833 0.031161 0.002833 0.002833 0.008499 0.036827 0.008499 0.008499 0.127479 0.014164 0.144476 
0.018587 0.174721 0.078067 0.033457 0.011152 0.011152 0.055762 0.011152 0.122677 0.040892 0.003717 0.011152 0.026022 0.070632 0.330855 
0.004975 0.293532 0.004975 0.084577 0.004975 0.014925 0.004975 0.004975 0.014925 0.004975 0.014925 0.014925 0.044776 0.064677 0.422886 
0.104478 0.024876 0.273632 0.064677 0.074627 0.004975 0.004975 0.044776 0.004975 0.034826 0.004975 0.044776 0.004975 0.283582 0.024876 
0.072848 0.019868 0.046358 0.178808 0.019868 0.006623 0.059603 0.046358 0.125828 0.059603 0.006623 0.046358 0.112583 0.086093 0.112583 
0.027322 0.322404 0.071038 0.103825 0.005464 0.005464 0.027322 0.071038 0.060109 0.005464 0.005464 0.049180 0.049180 0.005464 0.191257 
0.071770 0.473684 0.014354 0.023923 0.071770 0.033493 0.014354 0.004785 0.023923 0.004785 0.052632 0.062201 0.090909 0.052632 0.004785 
0.114428 0.383085 0.064677 0.044776 0.014925 0.004975 0.004975 0.144279 0.004975 0.044776 0.084577 0.044776 0.004975 0.024876 0.014925 
0.035857 0.282869 0.003984 0.250996 0.083665 0.019920 0.003984 0.003984 0.003984 0.011952 0.027888 0.043825 0.011952 0.131474 0.083665 
0.004484 0.255605 0.004484 0.040359 0.022422 0.031390 0.085202 0.049327 0.004484 0.103139 0.112108 0.013453 0.174888 0.040359 0.058296 
0.004831 0.439614 0.014493 0.169082 0.043478 0.004831 0.014493 0.014493 0.004831 0.043478 0.014493 0.062802 0.130435 0.004831 0.033816 
0.121339 0.121339 0.046025 0.046025 0.004184 0.004184 0.004184 0.004184 0.004184 0.004184 0.154812 0.046025 0.004184 0.129707 0.305439 
0.004651 0.395349 0.004651 0.004651 0.004651 0.004651 0.032558 0.013953 0.106977 0.004651 0.069767 0.004651 0.116279 0.013953 0.218605 
0.006289 0.220126 0.006289 0.069182 0.044025 0.119497 0.006289 0.018868 0.006289 0.018868 0.069182 0.006289 0.094340 0.270440 0.044025 
0.026178 0.015707 0.036649 0.015707 0.005236 0.005236 0.130890 0.005236 0.005236 0.005236 0.089005 0.026178 0.204188 0.099476 0.329843 
0.005076 0.370558 0.025381 0.035533 0.005076 0.096447 0.126904 0.045685 0.005076 0.045685 0.035533 0.055838 0.005076 0.015228 0.126904 
0.026415 0.033962 0.003774 0.011321 0.041509 0.064151 0.290566 0.003774 0.003774 0.003774 0.094340 0.011321 0.056604 0.003774 0.350943 
0.020921 0.414226 0.046025 0.012552 0.004184 0.062762 0.004184 0.012552 0.004184 0.004184 0.313808 0.020921 0.004184 0.062762 0.012552 
0.027624 0.049724 0.027624 0.060773 0.027624 0.005525 0.116022 0.049724 0.016575 0.005525 0.038674 0.005525 0.160221 0.082873 0.325967 
0.050847 0.265537 0.073446 0.005650 0.050847 0.016949 0.028249 0.005650 0.062147 0.039548 0.039548 0.016949 0.039548 0.062147 0.242938 
0.005848 0.052632 0.029240 0.017544 0.029240 0.052632 0.052632 0.017544 0.356725 0.005848 0.040936 0.052632 0.017544 0.064327 0.204678 
0.002740 0.293151 0.013699 0.424658 0.008219 0.002740 0.008219 0.019178 0.019178 0.052055 0.002740 0.030137 0.068493 0.052055 0.002740 
0.005988 0.053892 0.005988 0.089820 0.017964 0.029940 0.017964 0.101796 0.041916 0.029940 0.077844 0.197605 0.077844 0.005988 0.245509 
0.007092 0.234043 0.219858 0.092199 0.007092 0.276596 0.007092 0.007092 0.007092 0.021277 0.021277 0.021277 0.007092 0.007092 0.063830 
0.074286 0.394286 0.051429 0.028571 0.005714 0.017143 0.005714 0.040000 0.017143 0.005714 0.074286 0.005714 0.120000 0.017143 0.142857 
0.006369 0.579618 0.006369 0.006369 0.006369 0.082803 0.006369 0.006369 0.057325 0.044586 0.019108 0.006369 0.006369 0.006369 0.159236 
0.003984 0.027888 0.003984 0.163347 0.011952 0.011952 0.187251 0.003984 0.067729 0.035857 0.258964 0.003984 0.003984 0.011952 0.203187 
0.005587 0.642458 0.061453 0.050279 0.005587 0.005587 0.005587 0.005587 0.005587 0.005587 0.005587 0.005587 0.083799 0.027933 0.083799 
0.057471 0.134100 0.003831 0.272031 0.034483 0.011494 0.019157 0.003831 0.026820 0.088123 0.049808 0.026820 0.019157 0.003831 0.249042 
0.030100 0.170569 0.183946 0.003344 0.016722 0.010033 0.003344 0.010033 0.003344 0.003344 0.277592 0.050167 0.010033 0.003344 0.224080 
0.004115 0.111111 0.086420 0.012346 0.012346 0.004115 0.012346 0.004115 0.028807 0.004115 0.127572 0.078189 0.004115 0.242798 0.267490 
0.122530 0.130435 0.249012 0.225296 0.003953 0.003953 0.043478 0.003953 0.003953 0.003953 0.003953 0.003953 0.003953 0.027668 0.169960 
0.100529 0.005291 0.132275 0.111111 0.005291 0.015873 0.047619 0.005291 0.015873 0.005291 0.037037 0.015873 0.037037 0.058201 0.407407 
0.011673 0.190661 0.042802 0.089494 0.003891 0.003891 0.128405 0.003891 0.027237 0.089494 0.237354 0.027237 0.003891 0.003891 0.136187 
0.034014 0.197279 0.020408 0.210884 0.006803 0.006803 0.006803 0.034014 0.061224 0.034014 0.020408 0.006803 0.006803 0.020408 0.333333 
0.003636 0.490909 0.120000 0.090909 0.003636 0.032727 0.040000 0.032727 0.003636 0.040000 0.003636 0.018182 0.003636 0.032727 0.083636 
0.006623 0.178808 0.099338 0.006623 0.006623 0.033113 0.019868 0.139073 0.006623 0.006623 0.072848 0.072848 0.086093 0.046358 0.218543 
0.006061 0.018182 0.272727 0.054545 0.006061 0.006061 0.006061 0.066667 0.151515 0.018182 0.042424 0.006061 0.006061 0.006061 0.333333 
0.131222 0.140271 0.022624 0.085973 0.022624 0.004525 0.031674 0.031674 0.085973 0.031674 0.004525 0.013575 0.122172 0.149321 0.122172 
0.074627 0.194030 0.024876 0.004975 0.084577 0.004975 0.014925 0.094527 0.054726 0.024876 0.004975 0.004975 0.024876 0.084577 0.303483 
0.016949 0.193220 0.254237 0.172881 0.010169 0.044068 0.003390 0.010169 0.003390 0.003390 0.172881 0.010169 0.023729 0.010169 0.071186 
0.039106 0.106145 0.083799 0.005587 0.027933 0.016760 0.005587 0.016760 0.005587 0.039106 0.027933 0.027933 0.083799 0.106145 0.407821 
0.054187 0.251232 0.004926 0.024631 0.142857 0.014778 0.093596 0.004926 0.054187 0.113300 0.024631 0.004926 0.044335 0.054187 0.113300 
0.036789 0.224080 0.090301 0.063545 0.003344 0.070234 0.036789 0.096990 0.023411 0.003344 0.076923 0.003344 0.063545 0.096990 0.110368 
0.019455 0.182879 0.050584 0.136187 0.003891 0.011673 0.027237 0.019455 0.011673 0.019455 0.073930 0.019455 0.003891 0.035019 0.385214 
0.004219 0.417722 0.021097 0.147679 0.004219 0.004219 0.012658 0.012658 0.004219 0.029536 0.046414 0.080169 0.004219 0.147679 0.063291 
0.061728 0.168724 0.045267 0.094650 0.020576 0.069959 0.012346 0.004115 0.004115 0.094650 0.012346 0.028807 0.152263 0.218107 0.012346 
0.018868 0.056604 0.006289 0.031447 0.232704 0.006289 0.056604 0.069182 0.018868 0.056604 0.245283 0.006289 0.006289 0.044025 0.144654 
0.052023 0.052023 0.040462 0.028902 0.341040 0.005780 0.005780 0.005780 0.052023 0.063584 0.225434 0.005780 0.005780 0.086705 0.028902 
0.005587 0.195531 0.005587 0.039106 0.184358 0.005587 0.005587 0.027933 0.005587 0.128492 0.206704 0.027933 0.027933 0.128492 0.005587 
0.021834 0.170306 0.100437 0.161572 0.004367 0.056769 0.013100 0.013100 0.030568 0.013100 0.004367 0.013100 0.004367 0.196507 0.196507 
0.037037 0.227513 0.047619 0.026455 0.153439 0.089947 0.005291 0.100529 0.111111 0.015873 0.005291 0.026455 0.005291 0.015873 0.132275 
0.104972 0.104972 0.038674 0.027624 0.082873 0.038674 0.027624 0.005525 0.038674 0.127072 0.138122 0.005525 0.215470 0.016575 0.027624 
0.033557 0.020134 0.275168 0.006711 0.127517 0.167785 0.127517 0.006711 0.020134 0.006711 0.100671 0.033557 0.046980 0.020134 0.006711 
0.079365 0.153439 0.005291 0.015873 0.005291 0.005291 0.312169 0.026455 0.005291 0.100529 0.216931 0.015873 0.026455 0.005291 0.026455 
0.016393 0.060109 0.027322 0.038251 0.005464 0.071038 0.180328 0.016393 0.005464 0.049180 0.005464 0.016393 0.322404 0.169399 0.016393 
0.004695 0.248826 0.164319 0.004695 0.117371 0.014085 0.014085 0.014085 0.004695 0.070423 0.192488 0.014085 0.032864 0.014085 0.089202 
0.053254 0.467456 0.005917 0.065089 0.053254 0.041420 0.100592 0.005917 0.029586 0.076923 0.065089 0.017751 0.005917 0.005917 0.005917 
0.006211 0.291925 0.006211 0.043478 0.204969 0.006211 0.006211 0.018634 0.006211 0.031056 0.043478 0.018634 0.055901 0.155280 0.105590 
0.005236 0.130890 0.361257 0.026178 0.047120 0.026178 0.068063 0.005236 0.057592 0.068063 0.120419 0.036649 0.005236 0.005236 0.036649 
0.036269 0.129534 0.005181 0.005181 0.005181 0.015544 0.067358 0.036269 0.005181 0.046632 0.222798 0.005181 0.398964 0.005181 0.015544 
0.081967 0.180328 0.005464 0.038251 0.092896 0.038251 0.158470 0.081967 0.038251 0.016393 0.060109 0.027322 0.125683 0.005464 0.049180 
0.018182 0.006061 0.030303 0.054545 0.200000 0.030303 0.054545 0.042424 0.103030 0.103030 0.224242 0.078788 0.018182 0.018182 0.018182 
0.029787 0.106383 0.021277 0.165957 0.072340 0.029787 0.004255 0.114894 0.080851 0.004255 0.285106 0.004255 0.004255 0.072340 0.004255 
0.004926 0.113300 0.014778 0.182266 0.044335 0.024631 0.083744 0.014778 0.004926 0.083744 0.004926 0.073892 0.044335 0.192118 0.113300 
0.042945 0.214724 0.006135 0.006135 0.067485 0.116564 0.251534 0.104294 0.018405 0.104294 0.006135 0.006135 0.042945 0.006135 0.006135 
0.005405 0.091892 0.048649 0.027027 0.145946 0.005405 0.016216 0.005405 0.048649 0.243243 0.232432 0.016216 0.059459 0.027027 0.027027 
0.004926 0.221675 0.073892 0.014778 0.073892 0.004926 0.044335 0.004926 0.014778 0.014778 0.211823 0.024631 0.014778 0.162562 0.113300 
0.035573 0.011858 0.399209 0.019763 0.003953 0.027668 0.027668 0.003953 0.075099 0.011858 0.035573 0.003953 0.003953 0.233202 0.106719 
0.004785 0.291866 0.004785 0.004785 0.090909 0.110048 0.043062 0.004785 0.100478 0.014354 0.167464 0.023923 0.014354 0.023923 0.100478 
0.005650 0.062147 0.028249 0.005650 0.005650 0.084746 0.005650 0.107345 0.073446 0.118644 0.107345 0.129944 0.005650 0.209040 0.050847 
0.136000 0.088000 0.008000 0.008000 0.024000 0.008000 0.008000 0.152000 0.072000 0.136000 0.008000 0.104000 0.008000 0.024000 0.216000 
0.016216 0.264865 0.016216 0.048649 0.016216 0.145946 0.048649 0.005405 0.016216 0.027027 0.037838 0.243243 0.005405 0.027027 0.081081 
0.134503 0.017544 0.005848 0.005848 0.134503 0.005848 0.005848 0.005848 0.029240 0.005848 0.029240 0.005848 0.017544 0.333333 0.263158 
0.074286 0.154286 0.005714 0.017143 0.142857 0.005714 0.005714 0.005714 0.028571 0.097143 0.245714 0.108571 0.005714 0.028571 0.074286 
0.006711 0.046980 0.100671 0.006711 0.006711 0.087248 0.167785 0.020134 0.006711 0.006711 0.328859 0.140940 0.006711 0.020134 0.046980 
0.062762 0.004184 0.238494 0.020921 0.062762 0.121339 0.012552 0.037657 0.020921 0.054393 0.238494 0.046025 0.046025 0.020921 0.012552 
0.062857 0.165714 0.051429 0.040000 0.234286 0.040000 0.085714 0.040000 0.051429 0.028571 0.017143 0.017143 0.005714 0.142857 0.017143 
0.204420 0.049724 0.027624 0.160221 0.127072 0.049724 0.149171 0.160221 0.005525 0.005525 0.005525 0.016575 0.005525 0.016575 0.016575 
0.024631 0.004926 0.044335 0.004926 0.152709 0.014778 0.172414 0.172414 0.004926 0.083744 0.054187 0.014778 0.004926 0.044335 0.201970 
0.071823 0.182320 0.005525 0.016575 0.138122 0.005525 0.005525 0.005525 0.060773 0.027624 0.016575 0.005525 0.016575 0.270718 0.171271 
0.008000 0.360000 0.008000 0.024000 0.328000 0.040000 0.008000 0.040000 0.040000 0.008000 0.008000 0.056000 0.008000 0.040000 0.024000 
0.007874 0.007874 0.070866 0.007874 0.259843 0.007874 0.007874 0.118110 0.055118 0.007874 0.070866 0.007874 0.007874 0.023622 0.338583 
0.037433 0.219251 0.037433 0.005348 0.016043 0.005348 0.112299 0.016043 0.048128 0.112299 0.208556 0.155080 0.005348 0.005348 0.016043 
0.136612 0.071038 0.016393 0.005464 0.158470 0.027322 0.005464 0.005464 0.103825 0.005464 0.180328 0.005464 0.092896 0.180328 0.005464 
0.004525 0.257919 0.022624 0.149321 0.140271 0.040724 0.013575 0.004525 0.004525 0.004525 0.004525 0.185520 0.013575 0.049774 0.104072 
0.006289 0.169811 0.044025 0.018868 0.006289 0.006289 0.119497 0.018868 0.144654 0.257862 0.031447 0.006289 0.081761 0.006289 0.081761 
0.038298 0.106383 0.021277 0.029787 0.140426 0.004255 0.055319 0.029787 0.106383 0.200000 0.004255 0.004255 0.089362 0.021277 0.148936 
0.005848 0.356725 0.134503 0.076023 0.029240 0.076023 0.005848 0.017544 0.005848 0.146199 0.005848 0.005848 0.111111 0.017544 0.005848 
0.078261 0.147826 0.008696 0.165217 0.060870 0.008696 0.165217 0.113043 0.130435 0.008696 0.026087 0.008696 0.026087 0.043478 0.008696 
0.016949 0.163842 0.005650 0.107345 0.005650 0.005650 0.231638 0.016949 0.107345 0.096045 0.005650 0.186441 0.039548 0.005650 0.005650 
0.006452 0.161290 0.032258 0.006452 0.109677 0.070968 0.187097 0.058065 0.032258 0.006452 0.019355 0.187097 0.019355 0.096774 0.006452 
0.056911 0.008130 0.008130 0.008130 0.154472 0.024390 0.056911 0.056911 0.300813 0.040650 0.008130 0.219512 0.040650 0.008130 0.008130 
0.008696 0.026087 0.008696 0.008696 0.043478 0.252174 0.339130 0.026087 0.078261 0.026087 0.008696 0.095652 0.026087 0.026087 0.026087 
0.100775 0.023256 0.007752 0.147287 0.193798 0.100775 0.085271 0.007752 0.007752 0.023256 0.007752 0.209302 0.007752 0.054264 0.023256 
0.008403 0.025210 0.008403 0.042017 0.025210 0.025210 0.008403 0.025210 0.109244 0.008403 0.058824 0.495798 0.075630 0.058824 0.025210 
0.029586 0.005917 0.005917 0.005917 0.420118 0.005917 0.005917 0.005917 0.005917 0.065089 0.136095 0.017751 0.005917 0.278107 0.005917 
0.162791 0.007752 0.023256 0.007752 0.007752 0.023256 0.379845 0.007752 0.007752 0.007752 0.116279 0.054264 0.147287 0.023256 0.023256 
0.024000 0.072000 0.104000 0.008000 0.120000 0.040000 0.056000 0.008000 0.056000 0.104000 0.040000 0.344000 0.008000 0.008000 0.008000 
0.157360 0.076142 0.005076 0.076142 0.096447 0.015228 0.167513 0.116751 0.167513 0.035533 0.005076 0.005076 0.045685 0.005076 0.025381 
0.040650 0.040650 0.024390 0.040650 0.121951 0.008130 0.170732 0.024390 0.154472 0.040650 0.024390 0.252033 0.008130 0.040650 0.008130 
0.015707 0.036649 0.130890 0.026178 0.109948 0.005236 0.005236 0.015707 0.109948 0.120419 0.005236 0.057592 0.246073 0.005236 0.109948 
0.037657 0.029289 0.012552 0.255230 0.104603 0.004184 0.004184 0.087866 0.004184 0.112971 0.004184 0.012552 0.020921 0.221757 0.087866 
0.303867 0.060773 0.060773 0.038674 0.127072 0.005525 0.038674 0.060773 0.182320 0.016575 0.038674 0.005525 0.049724 0.005525 0.005525 
0.113924 0.054852 0.105485 0.071730 0.223629 0.012658 0.029536 0.021097 0.004219 0.063291 0.130802 0.080169 0.004219 0.004219 0.080169 
0.074830 0.006803 0.006803 0.034014 0.142857 0.006803 0.142857 0.020408 0.333333 0.020408 0.006803 0.006803 0.074830 0.115646 0.006803 
0.118012 0.006211 0.031056 0.018634 0.440994 0.006211 0.018634 0.006211 0.105590 0.006211 0.105590 0.043478 0.018634 0.006211 0.068323 
0.082803 0.006369 0.197452 0.019108 0.006369 0.006369 0.006369 0.019108 0.019108 0.006369 0.184713 0.210191 0.057325 0.057325 0.121019 
0.094340 0.056604 0.018868 0.006289 0.408805 0.006289 0.081761 0.006289 0.006289 0.157233 0.119497 0.006289 0.006289 0.018868 0.006289 
0.007407 0.111111 0.066667 0.111111 0.066667 0.244444 0.007407 0.022222 0.081481 0.007407 0.022222 0.125926 0.022222 0.007407 0.096296 
0.034483 0.089655 0.006897 0.034483 0.393103 0.075862 0.006897 0.020690 0.006897 0.006897 0.020690 0.020690 0.006897 0.048276 0.227586 
0.007519 0.037594 0.022556 0.007519 0.548872 0.052632 0.007519 0.052632 0.007519 0.007519 0.157895 0.022556 0.022556 0.037594 0.007519 
0.069182 0.006289 0.006289 0.069182 0.119497 0.018868 0.132075 0.006289 0.245283 0.081761 0.044025 0.006289 0.144654 0.006289 0.044025 
0.060773 0.082873 0.005525 0.104972 0.160221 0.016575 0.027624 0.082873 0.049724 0.016575 0.138122 0.104972 0.005525 0.138122 0.005525 
0.080214 0.037433 0.005348 0.005348 0.176471 0.005348 0.058824 0.122995 0.165775 0.155080 0.005348 0.122995 0.005348 0.026738 0.026738 
0.007519 0.097744 0.037594 0.082707 0.172932 0.007519 0.007519 0.007519 0.112782 0.203008 0.082707 0.142857 0.007519 0.022556 0.007519 
0.008850 0.008850 0.008850 0.008850 0.008850 0.008850 0.008850 0.150442 0.026549 0.079646 0.079646 0.539823 0.026549 0.008850 0.026549 
0.018868 0.006289 0.031447 0.044025 0.169811 0.006289 0.056604 0.006289 0.094340 0.106918 0.006289 0.006289 0.006289 0.358491 0.081761 
0.008000 0.008000 0.024000 0.008000 0.312000 0.024000 0.280000 0.024000 0.008000 0.184000 0.040000 0.024000 0.008000 0.040000 0.008000 
0.049724 0.038674 0.005525 0.060773 0.182320 0.005525 0.116022 0.116022 0.060773 0.093923 0.116022 0.005525 0.138122 0.005525 0.005525 
0.167785 0.006711 0.060403 0.006711 0.006711 0.020134 0.046980 0.033557 0.221477 0.234899 0.087248 0.006711 0.073826 0.020134 0.006711 
0.027933 0.005587 0.005587 0.050279 0.128492 0.050279 0.273743 0.050279 0.005587 0.005587 0.027933 0.061453 0.016760 0.117318 0.173184 
0.006993 0.006993 0.006993 0.006993 0.006993 0.006993 0.342657 0.076923 0.090909 0.006993 0.034965 0.076923 0.006993 0.300699 0.020979 
0.020690 0.103448 0.034483 0.034483 0.020690 0.006897 0.048276 0.006897 0.048276 0.006897 0.075862 0.200000 0.048276 0.310345 0.034483 
0.007752 0.023256 0.007752 0.007752 0.178295 0.038760 0.085271 0.054264 0.007752 0.224806 0.007752 0.007752 0.023256 0.255814 0.069767 
0.081967 0.005464 0.038251 0.049180 0.355191 0.071038 0.060109 0.016393 0.005464 0.005464 0.081967 0.092896 0.103825 0.027322 0.005464 
0.012146 0.068826 0.198381 0.101215 0.068826 0.060729 0.004049 0.012146 0.133603 0.117409 0.036437 0.060729 0.076923 0.036437 0.012146 
0.054264 0.054264 0.007752 0.023256 0.023256 0.038760 0.255814 0.054264 0.023256 0.224806 0.162791 0.023256 0.023256 0.023256 0.007752 
0.042654 0.165877 0.033175 0.052133 0.033175 0.004739 0.099526 0.004739 0.033175 0.014218 0.052133 0.014218 0.014218 0.402844 0.033175 
0.026178 0.099476 0.005236 0.015707 0.005236 0.036649 0.141361 0.036649 0.057592 0.005236 0.068063 0.089005 0.089005 0.298429 0.026178 
0.005714 0.062857 0.108571 0.005714 0.062857 0.074286 0.062857 0.005714 0.245714 0.005714 0.074286 0.005714 0.005714 0.005714 0.268571 
0.006061 0.296970 0.042424 0.030303 0.006061 0.090909 0.054545 0.030303 0.066667 0.175758 0.006061 0.006061 0.006061 0.175758 0.006061 
0.004566 0.086758 0.013699 0.013699 0.068493 0.022831 0.031963 0.077626 0.095890 0.086758 0.022831 0.187215 0.041096 0.013699 0.232877 
0.015075 0.276382 0.005025 0.095477 0.005025 0.005025 0.195980 0.015075 0.005025 0.005025 0.015075 0.005025 0.185930 0.125628 0.045226 
0.114754 0.005464 0.125683 0.071038 0.005464 0.038251 0.114754 0.071038 0.005464 0.016393 0.005464 0.114754 0.016393 0.005464 0.289617 
0.005236 0.005236 0.172775 0.078534 0.015707 0.005236 0.130890 0.089005 0.036649 0.089005 0.089005 0.099476 0.015707 0.047120 0.120419 
0.018405 0.214724 0.055215 0.030675 0.251534 0.042945 0.006135 0.006135 0.018405 0.006135 0.042945 0.030675 0.055215 0.042945 0.177914 
0.050360 0.079137 0.151079 0.064748 0.309353 0.007194 0.007194 0.007194 0.079137 0.079137 0.050360 0.007194 0.007194 0.093525 0.007194 
0.169811 0.006289 0.006289 0.006289 0.006289 0.031447 0.081761 0.044025 0.006289 0.371069 0.006289 0.006289 0.031447 0.132075 0.094340 
0.181395 0.106977 0.004651 0.004651 0.088372 0.060465 0.162791 0.004651 0.079070 0.013953 0.032558 0.079070 0.023256 0.088372 0.069767 
0.037037 0.066667 0.022222 0.007407 0.007407 0.007407 0.318519 0.037037 0.140741 0.007407 0.051852 0.037037 0.007407 0.125926 0.125926 
0.090909 0.090909 0.016043 0.058824 0.016043 0.005348 0.026738 0.069519 0.208556 0.229947 0.005348 0.005348 0.080214 0.090909 0.005348 
0.068826 0.020243 0.052632 0.004049 0.004049 0.149798 0.141700 0.028340 0.068826 0.052632 0.206478 0.044534 0.028340 0.101215 0.028340 
0.005348 0.026738 0.026738 0.251337 0.155080 0.005348 0.112299 0.005348 0.058824 0.080214 0.005348 0.058824 0.016043 0.165775 0.026738 
0.007407 0.037037 0.007407 0.185185 0.125926 0.066667 0.022222 0.155556 0.037037 0.214815 0.022222 0.007407 0.007407 0.007407 0.096296 
0.053140 0.004831 0.140097 0.188406 0.188406 0.004831 0.082126 0.004831 0.033816 0.004831 0.053140 0.004831 0.130435 0.004831 0.101449 
0.020134 0.006711 0.006711 0.006711 0.503356 0.033557 0.006711 0.033557 0.100671 0.087248 0.006711 0.020134 0.087248 0.006711 0.073826 
0.054726 0.054726 0.094527 0.014925 0.004975 0.014925 0.064677 0.004975 0.363184 0.024876 0.044776 0.144279 0.004975 0.084577 0.024876 
0.005988 0.005988 0.125749 0.005988 0.221557 0.029940 0.029940 0.065868 0.005988 0.077844 0.005988 0.125749 0.089820 0.161677 0.041916 
0.015385 0.035897 0.005128 0.035897 0.210256 0.005128 0.148718 0.046154 0.035897 0.200000 0.025641 0.138462 0.066667 0.005128 0.025641 
0.005128 0.005128 0.066667 0.138462 0.200000 0.025641 0.025641 0.005128 0.076923 0.025641 0.005128 0.076923 0.138462 0.005128 0.200000 
0.118943 0.057269 0.057269 0.013216 0.048458 0.004405 0.110132 0.004405 0.066079 0.189427 0.136564 0.004405 0.004405 0.013216 0.171806 
0.234043 0.078014 0.007092 0.063830 0.092199 0.007092 0.177305 0.021277 0.106383 0.007092 0.007092 0.049645 0.106383 0.035461 0.007092 
0.007194 0.007194 0.035971 0.007194 0.582734 0.021583 0.122302 0.007194 0.021583 0.007194 0.021583 0.093525 0.021583 0.035971 0.007194 
0.040000 0.008000 0.008000 0.040000 0.168000 0.008000 0.040000 0.008000 0.216000 0.120000 0.088000 0.120000 0.008000 0.120000 0.008000 
0.006452 0.006452 0.212903 0.019355 0.006452 0.006452 0.161290 0.070968 0.006452 0.135484 0.006452 0.212903 0.006452 0.135484 0.006452 
0.215470 0.038674 0.005525 0.005525 0.127072 0.027624 0.016575 0.038674 0.005525 0.116022 0.182320 0.005525 0.005525 0.005525 0.204420 
0.032680 0.032680 0.215686 0.006536 0.294118 0.045752 0.058824 0.006536 0.124183 0.006536 0.084967 0.006536 0.006536 0.058824 0.019608 
0.240642 0.165775 0.197861 0.005348 0.016043 0.080214 0.144385 0.016043 0.005348 0.005348 0.026738 0.016043 0.026738 0.005348 0.048128 
0.008130 0.138211 0.024390 0.008130 0.138211 0.008130 0.186992 0.073171 0.024390 0.024390 0.008130 0.203252 0.008130 0.008130 0.138211 
0.006135 0.128834 0.030675 0.092025 0.288344 0.042945 0.067485 0.042945 0.079755 0.030675 0.030675 0.006135 0.006135 0.104294 0.042945 
0.018182 0.078788 0.006061 0.187879 0.200000 0.054545 0.006061 0.006061 0.103030 0.042424 0.018182 0.175758 0.006061 0.006061 0.090909 
0.028902 0.190751 0.063584 0.063584 0.040462 0.098266 0.028902 0.017341 0.167630 0.225434 0.017341 0.028902 0.005780 0.005780 0.017341 
0.160221 0.104972 0.016575 0.049724 0.226519 0.038674 0.127072 0.160221 0.005525 0.049724 0.005525 0.038674 0.005525 0.005525 0.005525 
0.029940 0.005988 0.005988 0.065868 0.221557 0.029940 0.065868 0.005988 0.005988 0.041916 0.005988 0.173653 0.005988 0.281437 0.053892 
0.124183 0.071895 0.006536 0.019608 0.019608 0.084967 0.032680 0.150327 0.019608 0.032680 0.006536 0.058824 0.006536 0.359477 0.006536 
0.018405 0.018405 0.006135 0.067485 0.190184 0.006135 0.067485 0.055215 0.006135 0.116564 0.006135 0.092025 0.030675 0.312883 0.006135 
0.046980 0.060403 0.006711 0.046980 0.100671 0.073826 0.221477 0.006711 0.006711 0.060403 0.006711 0.046980 0.006711 0.302013 0.006711 
0.170370 0.007407 0.022222 0.140741 0.125926 0.037037 0.037037 0.022222 0.007407 0.244444 0.007407 0.022222 0.081481 0.007407 0.066667 
0.028249 0.016949 0.107345 0.039548 0.050847 0.005650 0.299435 0.005650 0.005650 0.005650 0.016949 0.152542 0.107345 0.152542 0.005650 
0.006369 0.044586 0.006369 0.133758 0.031847 0.006369 0.019108 0.006369 0.159236 0.006369 0.159236 0.286624 0.019108 0.095541 0.019108 
0.016949 0.028249 0.005650 0.062147 0.175141 0.028249 0.299435 0.062147 0.005650 0.175141 0.050847 0.005650 0.005650 0.016949 0.062147 
0.084967 0.019608 0.163399 0.006536 0.254902 0.006536 0.006536 0.045752 0.006536 0.006536 0.006536 0.006536 0.006536 0.189542 0.189542 
0.086093 0.006623 0.072848 0.006623 0.006623 0.006623 0.006623 0.059603 0.112583 0.046358 0.019868 0.430464 0.059603 0.072848 0.006623 
0.006289 0.006289 0.094340 0.081761 0.081761 0.044025 0.006289 0.018868 0.018868 0.044025 0.031447 0.446541 0.018868 0.081761 0.018868 
0.005525 0.049724 0.071823 0.016575 0.082873 0.016575 0.038674 0.016575 0.038674 0.005525 0.005525 0.171271 0.016575 0.458564 0.005525 
0.200000 0.114894 0.012766 0.182979 0.157447 0.038298 0.046809 0.072340 0.021277 0.012766 0.012766 0.029787 0.004255 0.055319 0.038298 
0.035971 0.107914 0.007194 0.179856 0.064748 0.007194 0.007194 0.021583 0.093525 0.021583 0.007194 0.309353 0.007194 0.107914 0.021583 
0.052632 0.022556 0.007519 0.007519 0.022556 0.007519 0.203008 0.037594 0.022556 0.007519 0.007519 0.338346 0.022556 0.233083 0.007519 
0.063830 0.092199 0.035461 0.007092 0.347518 0.049645 0.007092 0.007092 0.007092 0.106383 0.007092 0.177305 0.078014 0.007092 0.007092 
0.005025 0.005025 0.035176 0.035176 0.226131 0.005025 0.015075 0.025126 0.035176 0.065327 0.005025 0.005025 0.195980 0.115578 0.226131 
0.006289 0.119497 0.006289 0.119497 0.006289 0.069182 0.094340 0.006289 0.018868 0.182390 0.056604 0.056604 0.044025 0.207547 0.006289 
0.032680 0.006536 0.071895 0.006536 0.189542 0.006536 0.202614 0.084967 0.006536 0.006536 0.045752 0.137255 0.045752 0.150327 0.006536 
0.005348 0.058824 0.026738 0.005348 0.090909 0.048128 0.016043 0.016043 0.048128 0.005348 0.016043 0.262032 0.005348 0.390374 0.005348 
0.065089 0.017751 0.065089 0.041420 0.136095 0.005917 0.029586 0.005917 0.041420 0.017751 0.041420 0.420118 0.005917 0.005917 0.100592 
0.050279 0.117318 0.005587 0.039106 0.039106 0.005587 0.005587 0.027933 0.005587 0.016760 0.117318 0.284916 0.039106 0.106145 0.139665 
0.142857 0.004608 0.225806 0.087558 0.069124 0.041475 0.170507 0.013825 0.032258 0.004608 0.087558 0.004608 0.078341 0.013825 0.023041 
0.006711 0.020134 0.006711 0.167785 0.006711 0.006711 0.087248 0.020134 0.288591 0.033557 0.006711 0.100671 0.033557 0.208054 0.006711 
0.144828 0.006897 0.006897 0.034483 0.034483 0.020690 0.048276 0.020690 0.006897 0.075862 0.006897 0.393103 0.006897 0.117241 0.075862 
0.050279 0.005587 0.050279 0.039106 0.229050 0.128492 0.195531 0.005587 0.005587 0.039106 0.061453 0.106145 0.005587 0.072626 0.005587 
0.064677 0.004975 0.084577 0.054726 0.074627 0.084577 0.014925 0.004975 0.044776 0.094527 0.004975 0.064677 0.004975 0.383085 0.014925 
0.054545 0.066667 0.212121 0.054545 0.187879 0.030303 0.078788 0.042424 0.006061 0.006061 0.006061 0.090909 0.078788 0.078788 0.006061 
0.031056 0.080745 0.118012 0.093168 0.055901 0.006211 0.180124 0.006211 0.018634 0.031056 0.031056 0.055901 0.006211 0.279503 0.006211 
0.007194 0.208633 0.107914 0.035971 0.050360 0.107914 0.079137 0.021583 0.007194 0.007194 0.093525 0.021583 0.007194 0.223022 0.021583 
0.053435 0.053435 0.038168 0.007634 0.068702 0.007634 0.022901 0.007634 0.007634 0.236641 0.038168 0.129771 0.160305 0.145038 0.022901 
0.136691 0.050360 0.064748 0.093525 0.007194 0.007194 0.007194 0.007194 0.035971 0.165468 0.007194 0.136691 0.021583 0.007194 0.251799 
0.004405 0.039648 0.004405 0.136564 0.030837 0.013216 0.092511 0.013216 0.004405 0.101322 0.030837 0.171806 0.039648 0.004405 0.312775 
0.006135 0.067485 0.226994 0.128834 0.092025 0.006135 0.055215 0.018405 0.177914 0.006135 0.042945 0.128834 0.030675 0.006135 0.006135 
0.006803 0.006803 0.047619 0.047619 0.251701 0.020408 0.102041 0.006803 0.006803 0.006803 0.020408 0.020408 0.197279 0.142857 0.115646 
0.124260 0.005917 0.029586 0.076923 0.017751 0.053254 0.159763 0.005917 0.017751 0.029586 0.005917 0.171598 0.136095 0.159763 0.005917 
0.246377 0.014493 0.024155 0.140097 0.004831 0.004831 0.082126 0.004831 0.072464 0.004831 0.072464 0.053140 0.004831 0.256039 0.014493 
0.117318 0.005587 0.050279 0.083799 0.284916 0.005587 0.039106 0.061453 0.016760 0.050279 0.005587 0.027933 0.106145 0.139665 0.005587 
0.239766 0.052632 0.005848 0.005848 0.157895 0.005848 0.029240 0.017544 0.099415 0.005848 0.005848 0.111111 0.017544 0.216374 0.029240 
0.122581 0.006452 0.006452 0.058065 0.161290 0.006452 0.032258 0.006452 0.006452 0.045161 0.019355 0.238710 0.006452 0.019355 0.264516 
0.125628 0.236181 0.015075 0.105528 0.085427 0.025126 0.015075 0.015075 0.005025 0.025126 0.005025 0.195980 0.005025 0.075377 0.065327 
0.066667 0.120000 0.004444 0.040000 0.191111 0.013333 0.066667 0.004444 0.031111 0.013333 0.022222 0.004444 0.031111 0.386667 0.004444 
0.017341 0.086705 0.052023 0.028902 0.028902 0.017341 0.086705 0.017341 0.040462 0.121387 0.005780 0.017341 0.017341 0.421965 0.040462 
0.005525 0.005525 0.027624 0.060773 0.038674 0.182320 0.005525 0.005525 0.204420 0.038674 0.038674 0.082873 0.005525 0.270718 0.027624 
0.051852 0.051852 0.037037 0.140741 0.125926 0.022222 0.170370 0.007407 0.081481 0.007407 0.022222 0.096296 0.081481 0.096296 0.007407 
0.111111 0.004444 0.022222 0.102222 0.048889 0.155556 0.057778 0.004444 0.040000 0.004444 0.075556 0.031111 0.013333 0.324444 0.004444 
0.005181 0.025907 0.015544 0.202073 0.170984 0.005181 0.005181 0.036269 0.025907 0.005181 0.119171 0.005181 0.046632 0.316062 0.015544 
0.100671 0.020134 0.006711 0.006711 0.140940 0.020134 0.033557 0.006711 0.449664 0.033557 0.006711 0.046980 0.006711 0.006711 0.114094 
0.005525 0.016575 0.016575 0.160221 0.359116 0.005525 0.248619 0.104972 0.005525 0.038674 0.005525 0.005525 0.005525 0.005525 0.016575 
0.078788 0.078788 0.006061 0.078788 0.333333 0.054545 0.151515 0.006061 0.006061 0.078788 0.006061 0.006061 0.090909 0.006061 0.018182 
0.018182 0.018182 0.151515 0.006061 0.260606 0.042424 0.066667 0.078788 0.006061 0.006061 0.054545 0.006061 0.054545 0.078788 0.151515 
0.006452 0.006452 0.006452 0.019355 0.006452 0.019355 0.225806 0.187097 0.187097 0.006452 0.006452 0.148387 0.019355 0.135484 0.019355 
0.004444 0.084444 0.013333 0.048889 0.022222 0.031111 0.004444 0.004444 0.093333 0.022222 0.182222 0.280000 0.031111 0.128889 0.048889 
0.006536 0.006536 0.019608 0.006536 0.032680 0.111111 0.006536 0.019608 0.019608 0.163399 0.111111 0.281046 0.006536 0.202614 0.006536 
0.086614 0.007874 0.086614 0.055118 0.039370 0.023622 0.007874 0.070866 0.007874 0.086614 0.007874 0.259843 0.055118 0.196850 0.007874 
0.008000 0.008000 0.008000 0.088000 0.248000 0.024000 0.008000 0.024000 0.008000 0.040000 0.104000 0.152000 0.008000 0.024000 0.248000 
0.005291 0.248677 0.005291 0.015873 0.291005 0.026455 0.005291 0.015873 0.047619 0.037037 0.079365 0.089947 0.005291 0.121693 0.005291 
0.035533 0.055838 0.005076 0.045685 0.137056 0.157360 0.106599 0.015228 0.005076 0.147208 0.005076 0.035533 0.005076 0.228426 0.015228 
0.007519 0.022556 0.007519 0.007519 0.503759 0.007519 0.052632 0.067669 0.097744 0.007519 0.022556 0.007519 0.007519 0.112782 0.067669 
0.159184 0.020408 0.175510 0.028571 0.004082 0.004082 0.069388 0.004082 0.053061 0.004082 0.061224 0.012245 0.004082 0.346939 0.053061 
0.095541 0.006369 0.082803 0.044586 0.006369 0.006369 0.031847 0.006369 0.108280 0.171975 0.006369 0.095541 0.006369 0.312102 0.019108 
0.067729 0.003984 0.266932 0.107570 0.019920 0.043825 0.131474 0.011952 0.003984 0.019920 0.003984 0.075697 0.227092 0.011952 0.003984 
0.006211 0.006211 0.080745 0.006211 0.192547 0.167702 0.068323 0.006211 0.006211 0.031056 0.018634 0.180124 0.006211 0.192547 0.031056 
0.004367 0.048035 0.004367 0.117904 0.021834 0.109170 0.074236 0.196507 0.004367 0.013100 0.091703 0.100437 0.117904 0.004367 0.091703 
0.056000 0.024000 0.216000 0.024000 0.008000 0.024000 0.040000 0.024000 0.120000 0.008000 0.008000 0.392000 0.040000 0.008000 0.008000 
0.039106 0.027933 0.094972 0.016760 0.240223 0.005587 0.016760 0.072626 0.083799 0.005587 0.195531 0.106145 0.039106 0.039106 0.016760 
0.005076 0.015228 0.350254 0.025381 0.076142 0.015228 0.035533 0.025381 0.045685 0.005076 0.035533 0.167513 0.116751 0.055838 0.025381 
0.124324 0.070270 0.102703 0.005405 0.005405 0.189189 0.005405 0.005405 0.048649 0.091892 0.037838 0.091892 0.102703 0.113514 0.005405 
0.046809 0.004255 0.004255 0.055319 0.114894 0.200000 0.012766 0.038298 0.080851 0.106383 0.080851 0.004255 0.021277 0.200000 0.029787 
0.029940 0.005988 0.245509 0.005988 0.041916 0.041916 0.005988 0.005988 0.113772 0.053892 0.113772 0.101796 0.149701 0.077844 0.005988 
0.078261 0.130435 0.008696 0.008696 0.286957 0.008696 0.043478 0.008696 0.008696 0.130435 0.026087 0.147826 0.060870 0.008696 0.043478 
0.014493 0.198068 0.004831 0.024155 0.062802 0.014493 0.072464 0.033816 0.014493 0.265700 0.072464 0.043478 0.014493 0.072464 0.091787 
0.072626 0.027933 0.005587 0.083799 0.005587 0.005587 0.039106 0.117318 0.005587 0.173184 0.061453 0.251397 0.005587 0.094972 0.050279 
0.065990 0.167513 0.055838 0.015228 0.005076 0.055838 0.005076 0.015228 0.025381 0.137056 0.005076 0.147208 0.045685 0.218274 0.035533 
0.216931 0.195767 0.079365 0.005291 0.005291 0.005291 0.026455 0.026455 0.005291 0.015873 0.100529 0.142857 0.142857 0.026455 0.005291 
0.098266 0.063584 0.017341 0.005780 0.132948 0.086705 0.017341 0.005780 0.017341 0.005780 0.017341 0.179191 0.225434 0.109827 0.017341 
0.172775 0.225131 0.057592 0.099476 0.120419 0.005236 0.026178 0.068063 0.005236 0.005236 0.005236 0.162304 0.005236 0.026178 0.015707 
0.355705 0.006711 0.020134 0.181208 0.020134 0.006711 0.006711 0.006711 0.167785 0.073826 0.006711 0.100671 0.006711 0.033557 0.006711 
0.005076 0.106599 0.076142 0.086294 0.451777 0.065990 0.035533 0.015228 0.005076 0.065990 0.005076 0.025381 0.025381 0.025381 0.005076 
0.097143 0.120000 0.085714 0.005714 0.154286 0.097143 0.028571 0.131429 0.005714 0.051429 0.051429 0.062857 0.074286 0.028571 0.005714 
0.005405 0.221622 0.005405 0.016216 0.005405 0.081081 0.005405 0.005405 0.167568 0.124324 0.005405 0.005405 0.167568 0.048649 0.135135 
0.006061 0.018182 0.187879 0.042424 0.018182 0.006061 0.018182 0.066667 0.006061 0.006061 0.115152 0.309091 0.127273 0.054545 0.018182 
0.005291 0.111111 0.089947 0.153439 0.037037 0.058201 0.026455 0.005291 0.068783 0.005291 0.047619 0.206349 0.047619 0.121693 0.015873 
0.040936 0.017544 0.005848 0.052632 0.111111 0.099415 0.076023 0.040936 0.029240 0.017544 0.052632 0.005848 0.005848 0.064327 0.380117 
0.082126 0.111111 0.053140 0.275362 0.004831 0.082126 0.062802 0.004831 0.014493 0.043478 0.062802 0.053140 0.014493 0.111111 0.024155 
0.006803 0.006803 0.088435 0.074830 0.210884 0.183673 0.006803 0.006803 0.020408 0.061224 0.006803 0.183673 0.047619 0.074830 0.020408 
0.304348 0.026087 0.026087 0.008696 0.008696 0.043478 0.008696 0.008696 0.060870 0.060870 0.026087 0.321739 0.060870 0.008696 0.026087 
0.008264 0.008264 0.008264 0.024793 0.289256 0.024793 0.024793 0.057851 0.024793 0.041322 0.041322 0.090909 0.024793 0.057851 0.272727 
0.145729 0.155779 0.095477 0.075377 0.206030 0.005025 0.035176 0.045226 0.015075 0.115578 0.005025 0.015075 0.005025 0.005025 0.075377 
0.006061 0.127273 0.006061 0.006061 0.018182 0.030303 0.127273 0.030303 0.163636 0.030303 0.018182 0.139394 0.006061 0.127273 0.163636 
