0.112971 0.029289 0.121339 0.171548 0.004184 0.004184 0.054393 0.004184 0.087866 0.121339 0.004184 0.004184 0.012552 0.020921 0.246862 
0.022624 0.321267 0.167421 0.185520 0.004525 0.022624 0.058824 0.004525 0.095023 0.031674 0.013575 0.013575 0.040724 0.004525 0.013575 
0.004367 0.266376 0.179039 0.074236 0.004367 0.048035 0.021834 0.004367 0.004367 0.109170 0.109170 0.065502 0.004367 0.021834 0.082969 
0.005076 0.005076 0.035533 0.157360 0.005076 0.005076 0.045685 0.005076 0.005076 0.045685 0.005076 0.005076 0.116751 0.045685 0.512690 
0.025641 0.245421 0.098901 0.164835 0.010989 0.018315 0.084249 0.010989 0.062271 0.010989 0.025641 0.040293 0.003663 0.010989 0.186813 
0.014218 0.194313 0.052133 0.033175 0.222749 0.052133 0.033175 0.004739 0.042654 0.004739 0.004739 0.014218 0.023697 0.004739 0.298578 
0.079498 0.280335 0.372385 0.012552 0.020921 0.004184 0.004184 0.004184 0.004184 0.012552 0.020921 0.004184 0.012552 0.163180 0.004184 
0.015228 0.238579 0.086294 0.015228 0.015228 0.015228 0.005076 0.005076 0.086294 0.045685 0.208122 0.035533 0.055838 0.025381 0.147208 
0.104603 0.146444 0.071130 0.129707 0.046025 0.046025 0.004184 0.004184 0.012552 0.004184 0.205021 0.004184 0.004184 0.037657 0.179916 
0.019608 0.424837 0.019608 0.006536 0.006536 0.019608 0.032680 0.006536 0.006536 0.019608 0.006536 0.111111 0.215686 0.006536 0.098039 
0.094650 0.226337 0.432099 0.119342 0.020576 0.020576 0.020576 0.004115 0.004115 0.004115 0.004115 0.020576 0.012346 0.012346 0.004115 
0.004184 0.171548 0.171548 0.246862 0.020921 0.020921 0.004184 0.029289 0.004184 0.096234 0.004184 0.012552 0.071130 0.004184 0.138075 
0.085427 0.155779 0.005025 0.045226 0.005025 0.085427 0.005025 0.005025 0.015075 0.055276 0.145729 0.095477 0.075377 0.065327 0.155779 
0.013953 0.367442 0.172093 0.181395 0.004651 0.023256 0.041860 0.013953 0.004651 0.051163 0.013953 0.032558 0.004651 0.051163 0.023256 
0.003460 0.287197 0.031142 0.065744 0.003460 0.017301 0.114187 0.003460 0.003460 0.024221 0.093426 0.024221 0.003460 0.121107 0.204152 
0.013825 0.354839 0.004608 0.198157 0.004608 0.041475 0.004608 0.004608 0.032258 0.041475 0.152074 0.023041 0.004608 0.087558 0.032258 
0.101322 0.013216 0.154185 0.066079 0.004405 0.004405 0.004405 0.013216 0.101322 0.004405 0.013216 0.013216 0.074890 0.004405 0.427313 
0.010989 0.238095 0.216117 0.142857 0.098901 0.091575 0.010989 0.084249 0.047619 0.018315 0.003663 0.010989 0.003663 0.018315 0.003663 
0.011152 0.055762 0.011152 0.026022 0.003717 0.063197 0.152416 0.092937 0.018587 0.018587 0.018587 0.026022 0.003717 0.078067 0.420074 
0.003891 0.027237 0.105058 0.221790 0.003891 0.035019 0.011673 0.011673 0.097276 0.027237 0.011673 0.058366 0.058366 0.050584 0.276265 
0.006623 0.377483 0.006623 0.006623 0.019868 0.006623 0.006623 0.046358 0.152318 0.006623 0.019868 0.006623 0.006623 0.178808 0.152318 
0.014493 0.198068 0.014493 0.217391 0.014493 0.043478 0.072464 0.227053 0.091787 0.014493 0.004831 0.024155 0.033816 0.004831 0.024155 
0.004405 0.198238 0.189427 0.013216 0.083700 0.004405 0.022026 0.118943 0.013216 0.004405 0.022026 0.030837 0.092511 0.118943 0.083700 
0.042945 0.104294 0.006135 0.018405 0.006135 0.042945 0.092025 0.030675 0.030675 0.165644 0.190184 0.006135 0.006135 0.018405 0.239264 
0.005405 0.243243 0.037838 0.005405 0.037838 0.113514 0.059459 0.048649 0.005405 0.102703 0.070270 0.016216 0.005405 0.037838 0.210811 
0.005076 0.370558 0.025381 0.005076 0.005076 0.126904 0.005076 0.045685 0.005076 0.015228 0.106599 0.015228 0.025381 0.015228 0.228426 
0.020576 0.152263 0.242798 0.168724 0.037037 0.004115 0.004115 0.004115 0.004115 0.144033 0.004115 0.004115 0.012346 0.086420 0.111111 
0.003774 0.298113 0.079245 0.139623 0.049057 0.003774 0.026415 0.033962 0.011321 0.162264 0.011321 0.109434 0.011321 0.003774 0.056604 
0.002597 0.293506 0.293506 0.174026 0.002597 0.007792 0.007792 0.007792 0.028571 0.023377 0.116883 0.002597 0.002597 0.007792 0.028571 
0.003802 0.011407 0.019011 0.437262 0.064639 0.057034 0.003802 0.110266 0.011407 0.003802 0.003802 0.064639 0.057034 0.072243 0.079848 
0.040000 0.120000 0.005714 0.028571 0.085714 0.017143 0.074286 0.005714 0.028571 0.017143 0.028571 0.005714 0.028571 0.040000 0.474286 
0.004831 0.178744 0.014493 0.198068 0.004831 0.043478 0.043478 0.062802 0.024155 0.014493 0.014493 0.014493 0.024155 0.169082 0.188406 
0.049724 0.071823 0.027624 0.005525 0.005525 0.016575 0.071823 0.082873 0.016575 0.093923 0.226519 0.027624 0.005525 0.138122 0.160221 
0.006623 0.350993 0.006623 0.006623 0.019868 0.006623 0.006623 0.046358 0.019868 0.006623 0.112583 0.006623 0.006623 0.112583 0.284768 
0.025907 0.305699 0.077720 0.160622 0.005181 0.015544 0.005181 0.036269 0.036269 0.015544 0.077720 0.160622 0.015544 0.025907 0.036269 
0.018182 0.406061 0.018182 0.030303 0.030303 0.042424 0.030303 0.224242 0.006061 0.006061 0.018182 0.018182 0.030303 0.030303 0.090909 
0.092369 0.180723 0.004016 0.116466 0.028112 0.004016 0.020080 0.092369 0.028112 0.004016 0.028112 0.060241 0.012048 0.196787 0.132530 
0.004975 0.184080 0.044776 0.064677 0.024876 0.004975 0.014925 0.004975 0.014925 0.004975 0.184080 0.034826 0.054726 0.074627 0.283582 
0.005464 0.387978 0.060109 0.049180 0.060109 0.005464 0.027322 0.081967 0.005464 0.092896 0.005464 0.005464 0.038251 0.125683 0.049180 
0.026217 0.303371 0.205993 0.063670 0.003745 0.011236 0.003745 0.003745 0.041199 0.003745 0.056180 0.011236 0.093633 0.161049 0.011236 
0.019830 0.388102 0.002833 0.127479 0.002833 0.025496 0.002833 0.002833 0.002833 0.155807 0.002833 0.002833 0.070822 0.014164 0.178470 
0.003717 0.226766 0.092937 0.003717 0.011152 0.003717 0.040892 0.018587 0.040892 0.011152 0.018587 0.003717 0.092937 0.048327 0.382900 
0.034826 0.363184 0.004975 0.034826 0.004975 0.004975 0.004975 0.004975 0.044776 0.054726 0.004975 0.004975 0.024876 0.024876 0.383085 
0.104478 0.104478 0.313433 0.014925 0.144279 0.024876 0.004975 0.004975 0.024876 0.004975 0.034826 0.064677 0.004975 0.094527 0.054726 
0.152318 0.046358 0.059603 0.059603 0.086093 0.006623 0.099338 0.033113 0.072848 0.072848 0.019868 0.006623 0.086093 0.152318 0.046358 
0.005464 0.136612 0.038251 0.005464 0.005464 0.060109 0.016393 0.071038 0.147541 0.071038 0.016393 0.005464 0.081967 0.027322 0.311475 
0.167464 0.531100 0.004785 0.023923 0.023923 0.004785 0.004785 0.033493 0.023923 0.023923 0.052632 0.033493 0.023923 0.023923 0.023923 
0.104478 0.293532 0.024876 0.044776 0.034826 0.004975 0.004975 0.194030 0.014925 0.114428 0.044776 0.044776 0.014925 0.054726 0.004975 
0.011952 0.155378 0.027888 0.322709 0.067729 0.003984 0.003984 0.003984 0.043825 0.059761 0.027888 0.003984 0.003984 0.163347 0.099602 
0.004484 0.318386 0.013453 0.004484 0.004484 0.040359 0.085202 0.076233 0.004484 0.130045 0.085202 0.049327 0.121076 0.004484 0.058296 
0.004831 0.400966 0.072464 0.178744 0.004831 0.004831 0.004831 0.014493 0.004831 0.101449 0.004831 0.004831 0.043478 0.033816 0.120773 
0.037657 0.188285 0.096234 0.096234 0.004184 0.004184 0.012552 0.037657 0.029289 0.071130 0.054393 0.071130 0.004184 0.079498 0.213389 
0.004651 0.293023 0.041860 0.004651 0.023256 0.023256 0.004651 0.004651 0.032558 0.013953 0.190698 0.032558 0.079070 0.032558 0.218605 
0.006289 0.157233 0.056604 0.018868 0.018868 0.044025 0.006289 0.106918 0.006289 0.006289 0.044025 0.018868 0.069182 0.283019 0.157233 
0.015707 0.015707 0.057592 0.005236 0.005236 0.005236 0.026178 0.005236 0.057592 0.005236 0.047120 0.057592 0.214660 0.162304 0.319372 
0.015228 0.157360 0.065990 0.106599 0.025381 0.137056 0.197970 0.025381 0.005076 0.005076 0.005076 0.025381 0.025381 0.005076 0.197970 
0.018868 0.079245 0.026415 0.041509 0.086792 0.003774 0.320755 0.003774 0.003774 0.003774 0.041509 0.018868 0.049057 0.003774 0.298113 
0.079498 0.372385 0.004184 0.029289 0.004184 0.129707 0.004184 0.037657 0.004184 0.004184 0.171548 0.012552 0.029289 0.054393 0.062762 
0.027624 0.093923 0.005525 0.038674 0.149171 0.005525 0.016575 0.049724 0.005525 0.005525 0.071823 0.005525 0.127072 0.138122 0.259669 
0.062147 0.299435 0.062147 0.016949 0.016949 0.028249 0.005650 0.005650 0.028249 0.084746 0.152542 0.028249 0.005650 0.062147 0.141243 
0.040936 0.017544 0.029240 0.064327 0.005848 0.005848 0.146199 0.005848 0.380117 0.040936 0.076023 0.005848 0.017544 0.029240 0.134503 
0.002740 0.347945 0.013699 0.386301 0.002740 0.008219 0.002740 0.002740 0.002740 0.128767 0.013699 0.008219 0.030137 0.024658 0.024658 
0.005988 0.077844 0.005988 0.173653 0.005988 0.017964 0.017964 0.005988 0.053892 0.005988 0.053892 0.233533 0.041916 0.005988 0.293413 
0.035461 0.148936 0.234043 0.049645 0.035461 0.219858 0.021277 0.063830 0.007092 0.063830 0.063830 0.021277 0.007092 0.021277 0.007092 
0.005714 0.417143 0.028571 0.028571 0.005714 0.005714 0.051429 0.040000 0.017143 0.005714 0.108571 0.017143 0.131429 0.017143 0.120000 
0.019108 0.528662 0.019108 0.006369 0.006369 0.070064 0.006369 0.006369 0.006369 0.006369 0.031847 0.057325 0.006369 0.019108 0.210191 
0.003984 0.019920 0.003984 0.131474 0.003984 0.003984 0.195219 0.043825 0.043825 0.003984 0.394422 0.043825 0.051793 0.003984 0.051793 
0.005587 0.620112 0.005587 0.005587 0.094972 0.005587 0.005587 0.039106 0.005587 0.005587 0.005587 0.005587 0.106145 0.016760 0.072626 
0.003831 0.057471 0.049808 0.149425 0.011494 0.003831 0.049808 0.019157 0.003831 0.088123 0.072797 0.026820 0.049808 0.011494 0.402299 
0.050167 0.076923 0.137124 0.003344 0.010033 0.043478 0.003344 0.023411 0.010033 0.036789 0.344482 0.003344 0.003344 0.016722 0.237458 
0.004115 0.292181 0.069959 0.012346 0.020576 0.004115 0.045267 0.004115 0.045267 0.004115 0.094650 0.069959 0.004115 0.119342 0.209877 
0.067194 0.114625 0.146245 0.209486 0.003953 0.003953 0.083004 0.035573 0.011858 0.011858 0.019763 0.011858 0.003953 0.011858 0.264822 
0.005291 0.068783 0.216931 0.015873 0.015873 0.005291 0.015873 0.005291 0.079365 0.037037 0.058201 0.005291 0.005291 0.047619 0.417989 
0.011673 0.214008 0.050584 0.198444 0.003891 0.003891 0.136187 0.003891 0.003891 0.151751 0.105058 0.003891 0.003891 0.003891 0.105058 
0.020408 0.006803 0.006803 0.170068 0.020408 0.006803 0.006803 0.047619 0.006803 0.006803 0.102041 0.047619 0.061224 0.061224 0.428571 
0.003636 0.476364 0.069091 0.010909 0.010909 0.025455 0.040000 0.061818 0.003636 0.025455 0.003636 0.076364 0.003636 0.098182 0.090909 
0.019868 0.046358 0.059603 0.006623 0.033113 0.006623 0.019868 0.019868 0.086093 0.006623 0.165563 0.059603 0.218543 0.033113 0.218543 
0.030303 0.066667 0.187879 0.030303 0.018182 0.006061 0.006061 0.030303 0.090909 0.030303 0.212121 0.006061 0.018182 0.030303 0.236364 
0.158371 0.203620 0.022624 0.122172 0.004525 0.031674 0.013575 0.049774 0.013575 0.040724 0.004525 0.031674 0.076923 0.040724 0.185520 
0.054726 0.233831 0.004975 0.004975 0.024876 0.004975 0.014925 0.024876 0.014925 0.004975 0.024876 0.014925 0.024876 0.104478 0.442786 
0.010169 0.172881 0.362712 0.132203 0.003390 0.003390 0.023729 0.010169 0.023729 0.003390 0.125424 0.050847 0.003390 0.003390 0.071186 
0.005587 0.162011 0.072626 0.005587 0.005587 0.027933 0.005587 0.039106 0.016760 0.039106 0.072626 0.005587 0.050279 0.039106 0.452514 
0.044335 0.093596 0.004926 0.093596 0.054187 0.024631 0.103448 0.004926 0.004926 0.152709 0.103448 0.004926 0.014778 0.004926 0.290640 
0.003344 0.217391 0.143813 0.003344 0.003344 0.003344 0.023411 0.110368 0.036789 0.010033 0.170569 0.030100 0.043478 0.036789 0.163880 
0.011673 0.151751 0.050584 0.105058 0.035019 0.042802 0.035019 0.019455 0.089494 0.081712 0.035019 0.003891 0.003891 0.019455 0.315175 
0.037975 0.383966 0.021097 0.156118 0.004219 0.004219 0.021097 0.004219 0.029536 0.004219 0.037975 0.054852 0.012658 0.206751 0.021097 
0.012346 0.218107 0.160494 0.028807 0.020576 0.102881 0.053498 0.004115 0.004115 0.094650 0.012346 0.028807 0.069959 0.185185 0.004115 
0.006289 0.056604 0.106918 0.006289 0.257862 0.006289 0.006289 0.144654 0.069182 0.081761 0.132075 0.006289 0.018868 0.006289 0.094340 
0.098266 0.017341 0.086705 0.040462 0.236994 0.167630 0.052023 0.017341 0.005780 0.028902 0.156069 0.005780 0.005780 0.005780 0.075145 
0.016760 0.229050 0.005587 0.005587 0.284916 0.061453 0.039106 0.005587 0.027933 0.106145 0.061453 0.005587 0.005587 0.050279 0.094972 
0.013100 0.100437 0.161572 0.187773 0.004367 0.030568 0.013100 0.004367 0.004367 0.004367 0.013100 0.056769 0.004367 0.222707 0.179039 
0.005291 0.269841 0.005291 0.005291 0.185185 0.089947 0.005291 0.068783 0.132275 0.005291 0.089947 0.015873 0.015873 0.026455 0.079365 
0.049724 0.005525 0.071823 0.038674 0.160221 0.005525 0.016575 0.005525 0.005525 0.071823 0.082873 0.082873 0.270718 0.016575 0.116022 
0.046980 0.006711 0.221477 0.006711 0.006711 0.194631 0.020134 0.006711 0.020134 0.006711 0.140940 0.221477 0.020134 0.046980 0.033557 
0.164021 0.005291 0.100529 0.015873 0.026455 0.005291 0.206349 0.047619 0.047619 0.132275 0.142857 0.015873 0.015873 0.047619 0.026455 
0.005464 0.060109 0.049180 0.038251 0.081967 0.005464 0.027322 0.005464 0.005464 0.114754 0.005464 0.114754 0.355191 0.114754 0.016393 
0.004695 0.549296 0.136150 0.023474 0.126761 0.004695 0.004695 0.004695 0.014085 0.032864 0.070423 0.004695 0.014085 0.004695 0.004695 
0.005917 0.360947 0.005917 0.088757 0.218935 0.017751 0.112426 0.005917 0.017751 0.076923 0.005917 0.005917 0.005917 0.053254 0.017751 
0.068323 0.254658 0.006211 0.167702 0.118012 0.155280 0.006211 0.006211 0.006211 0.006211 0.006211 0.043478 0.018634 0.093168 0.043478 
0.005236 0.319372 0.225131 0.005236 0.026178 0.005236 0.005236 0.005236 0.005236 0.015707 0.162304 0.183246 0.015707 0.005236 0.015707 
0.015544 0.181347 0.005181 0.005181 0.005181 0.005181 0.015544 0.005181 0.067358 0.139896 0.191710 0.015544 0.326425 0.005181 0.015544 
0.103825 0.092896 0.049180 0.038251 0.049180 0.027322 0.278689 0.016393 0.049180 0.005464 0.060109 0.049180 0.081967 0.005464 0.092896 
0.042424 0.018182 0.006061 0.139394 0.224242 0.006061 0.212121 0.018182 0.006061 0.090909 0.187879 0.006061 0.018182 0.018182 0.006061 
0.004255 0.038298 0.004255 0.191489 0.089362 0.080851 0.004255 0.012766 0.055319 0.004255 0.268085 0.012766 0.021277 0.106383 0.106383 
0.024631 0.142857 0.004926 0.251232 0.004926 0.004926 0.054187 0.004926 0.014778 0.014778 0.004926 0.162562 0.044335 0.103448 0.162562 
0.030675 0.128834 0.006135 0.006135 0.141104 0.006135 0.104294 0.067485 0.030675 0.251534 0.006135 0.079755 0.030675 0.018405 0.092025 
0.037838 0.135135 0.005405 0.027027 0.048649 0.156757 0.037838 0.005405 0.059459 0.070270 0.200000 0.016216 0.027027 0.059459 0.113514 
0.014778 0.211823 0.004926 0.014778 0.044335 0.064039 0.004926 0.004926 0.014778 0.083744 0.330049 0.014778 0.004926 0.182266 0.004926 
0.075099 0.003953 0.272727 0.027668 0.019763 0.090909 0.011858 0.106719 0.027668 0.027668 0.003953 0.011858 0.003953 0.185771 0.130435 
0.004785 0.397129 0.023923 0.119617 0.110048 0.023923 0.062201 0.004785 0.157895 0.014354 0.004785 0.052632 0.004785 0.014354 0.004785 
0.016949 0.039548 0.028249 0.050847 0.050847 0.005650 0.005650 0.107345 0.129944 0.096045 0.163842 0.050847 0.016949 0.163842 0.073446 
0.040000 0.104000 0.008000 0.040000 0.056000 0.040000 0.152000 0.008000 0.088000 0.040000 0.040000 0.008000 0.104000 0.184000 0.088000 
0.005405 0.340541 0.005405 0.037838 0.005405 0.124324 0.091892 0.005405 0.005405 0.048649 0.005405 0.081081 0.005405 0.232432 0.005405 
0.122807 0.005848 0.005848 0.017544 0.087719 0.005848 0.005848 0.005848 0.076023 0.005848 0.005848 0.017544 0.017544 0.239766 0.380117 
0.097143 0.165714 0.017143 0.005714 0.154286 0.017143 0.005714 0.028571 0.120000 0.120000 0.200000 0.005714 0.005714 0.040000 0.017143 
0.006711 0.060403 0.006711 0.087248 0.006711 0.127517 0.087248 0.006711 0.020134 0.006711 0.369128 0.140940 0.046980 0.006711 0.020134 
0.004184 0.012552 0.138075 0.004184 0.129707 0.104603 0.046025 0.087866 0.046025 0.004184 0.104603 0.062762 0.020921 0.004184 0.230126 
0.040000 0.211429 0.040000 0.017143 0.108571 0.051429 0.062857 0.028571 0.142857 0.040000 0.005714 0.017143 0.005714 0.177143 0.051429 
0.149171 0.104972 0.005525 0.204420 0.005525 0.082873 0.160221 0.116022 0.038674 0.049724 0.005525 0.038674 0.027624 0.005525 0.005525 
0.103448 0.004926 0.044335 0.004926 0.192118 0.004926 0.251232 0.123153 0.004926 0.064039 0.004926 0.024631 0.004926 0.004926 0.162562 
0.005525 0.182320 0.005525 0.005525 0.182320 0.038674 0.005525 0.060773 0.016575 0.049724 0.016575 0.027624 0.005525 0.337017 0.060773 
0.008000 0.376000 0.040000 0.056000 0.120000 0.184000 0.008000 0.008000 0.040000 0.104000 0.008000 0.008000 0.008000 0.024000 0.008000 
0.039370 0.055118 0.007874 0.086614 0.196850 0.007874 0.007874 0.023622 0.086614 0.007874 0.007874 0.070866 0.149606 0.007874 0.244094 
0.005348 0.187166 0.016043 0.005348 0.005348 0.005348 0.048128 0.026738 0.048128 0.144385 0.251337 0.144385 0.037433 0.058824 0.016043 
0.071038 0.005464 0.005464 0.016393 0.256831 0.005464 0.005464 0.005464 0.016393 0.060109 0.169399 0.016393 0.158470 0.147541 0.060109 
0.004525 0.312217 0.022624 0.095023 0.049774 0.058824 0.004525 0.031674 0.004525 0.022624 0.013575 0.276018 0.004525 0.004525 0.095023 
0.031447 0.157233 0.018868 0.194969 0.006289 0.006289 0.031447 0.031447 0.169811 0.081761 0.056604 0.031447 0.044025 0.006289 0.132075 
0.004255 0.038298 0.046809 0.046809 0.174468 0.004255 0.089362 0.012766 0.140426 0.114894 0.012766 0.029787 0.089362 0.012766 0.182979 
0.087719 0.333333 0.111111 0.017544 0.005848 0.040936 0.040936 0.076023 0.005848 0.076023 0.017544 0.005848 0.122807 0.052632 0.005848 
0.043478 0.078261 0.008696 0.078261 0.026087 0.095652 0.008696 0.147826 0.304348 0.026087 0.008696 0.095652 0.043478 0.008696 0.026087 
0.016949 0.118644 0.028249 0.129944 0.005650 0.028249 0.197740 0.028249 0.141243 0.073446 0.005650 0.186441 0.016949 0.016949 0.005650 
0.019355 0.070968 0.006452 0.032258 0.148387 0.045161 0.174194 0.070968 0.006452 0.019355 0.070968 0.187097 0.006452 0.032258 0.109677 
0.138211 0.008130 0.008130 0.008130 0.186992 0.008130 0.008130 0.008130 0.333333 0.008130 0.008130 0.186992 0.024390 0.008130 0.056911 
0.008696 0.008696 0.008696 0.008696 0.043478 0.304348 0.130435 0.008696 0.026087 0.060870 0.008696 0.304348 0.026087 0.043478 0.008696 
0.054264 0.007752 0.007752 0.193798 0.007752 0.100775 0.023256 0.007752 0.007752 0.023256 0.023256 0.441860 0.007752 0.023256 0.069767 
0.008403 0.008403 0.008403 0.008403 0.008403 0.294118 0.008403 0.008403 0.058824 0.025210 0.025210 0.428571 0.008403 0.058824 0.042017 
0.029586 0.017751 0.017751 0.053254 0.242604 0.017751 0.041420 0.017751 0.017751 0.053254 0.041420 0.136095 0.041420 0.266272 0.005917 
0.131783 0.038760 0.007752 0.023256 0.069767 0.007752 0.255814 0.007752 0.007752 0.023256 0.085271 0.209302 0.100775 0.023256 0.007752 
0.072000 0.040000 0.024000 0.008000 0.376000 0.008000 0.008000 0.008000 0.168000 0.024000 0.040000 0.184000 0.008000 0.024000 0.008000 
0.025381 0.076142 0.106599 0.025381 0.106599 0.065990 0.197970 0.005076 0.147208 0.076142 0.005076 0.035533 0.005076 0.005076 0.116751 
0.008130 0.008130 0.008130 0.008130 0.040650 0.008130 0.089431 0.008130 0.203252 0.105691 0.040650 0.382114 0.024390 0.024390 0.040650 
0.005236 0.068063 0.099476 0.005236 0.047120 0.015707 0.026178 0.047120 0.183246 0.089005 0.005236 0.130890 0.225131 0.015707 0.036649 
0.054393 0.046025 0.012552 0.154812 0.071130 0.146444 0.012552 0.054393 0.004184 0.104603 0.004184 0.004184 0.004184 0.179916 0.146444 
0.226519 0.005525 0.016575 0.005525 0.248619 0.016575 0.049724 0.005525 0.071823 0.038674 0.127072 0.060773 0.116022 0.005525 0.005525 
0.147679 0.004219 0.054852 0.054852 0.316456 0.012658 0.021097 0.012658 0.004219 0.004219 0.139241 0.097046 0.004219 0.004219 0.122363 
0.006803 0.006803 0.020408 0.006803 0.006803 0.170068 0.129252 0.006803 0.129252 0.006803 0.020408 0.197279 0.156463 0.129252 0.006803 
0.006211 0.031056 0.006211 0.006211 0.403727 0.055901 0.055901 0.031056 0.118012 0.093168 0.018634 0.031056 0.006211 0.118012 0.018634 
0.146497 0.044586 0.006369 0.006369 0.133758 0.044586 0.031847 0.019108 0.082803 0.019108 0.248408 0.057325 0.006369 0.146497 0.006369 
0.094340 0.018868 0.006289 0.006289 0.383648 0.006289 0.119497 0.056604 0.018868 0.081761 0.006289 0.018868 0.018868 0.006289 0.157233 
0.007407 0.066667 0.111111 0.007407 0.303704 0.140741 0.022222 0.007407 0.066667 0.007407 0.007407 0.051852 0.007407 0.007407 0.185185 
0.020690 0.117241 0.006897 0.006897 0.241379 0.006897 0.020690 0.034483 0.006897 0.062069 0.062069 0.144828 0.034483 0.006897 0.227586 
0.007519 0.052632 0.007519 0.007519 0.398496 0.067669 0.037594 0.007519 0.007519 0.142857 0.157895 0.022556 0.007519 0.037594 0.037594 
0.006289 0.044025 0.031447 0.006289 0.056604 0.081761 0.094340 0.031447 0.194969 0.094340 0.018868 0.069182 0.132075 0.006289 0.132075 
0.016575 0.093923 0.082873 0.104972 0.193370 0.038674 0.005525 0.016575 0.127072 0.016575 0.138122 0.060773 0.016575 0.082873 0.005525 
0.101604 0.016043 0.080214 0.005348 0.176471 0.037433 0.005348 0.005348 0.187166 0.144385 0.048128 0.069519 0.037433 0.080214 0.005348 
0.022556 0.157895 0.037594 0.052632 0.007519 0.172932 0.007519 0.007519 0.233083 0.248120 0.007519 0.007519 0.007519 0.022556 0.007519 
0.008850 0.008850 0.132743 0.008850 0.044248 0.008850 0.008850 0.079646 0.026549 0.203540 0.026549 0.380531 0.008850 0.008850 0.044248 
0.031447 0.006289 0.044025 0.094340 0.018868 0.006289 0.119497 0.056604 0.169811 0.031447 0.006289 0.106918 0.006289 0.232704 0.069182 
0.008000 0.008000 0.008000 0.040000 0.392000 0.008000 0.120000 0.008000 0.008000 0.248000 0.072000 0.040000 0.024000 0.008000 0.008000 
0.038674 0.016575 0.038674 0.104972 0.237569 0.016575 0.138122 0.016575 0.005525 0.005525 0.082873 0.182320 0.005525 0.016575 0.093923 
0.020134 0.006711 0.033557 0.006711 0.060403 0.006711 0.073826 0.087248 0.261745 0.302013 0.073826 0.046980 0.006711 0.006711 0.006711 
0.039106 0.005587 0.094972 0.005587 0.284916 0.072626 0.162011 0.039106 0.016760 0.027933 0.005587 0.016760 0.005587 0.139665 0.083799 
0.006993 0.048951 0.006993 0.048951 0.034965 0.006993 0.272727 0.076923 0.020979 0.006993 0.048951 0.090909 0.090909 0.230769 0.006993 
0.020690 0.006897 0.006897 0.020690 0.172414 0.006897 0.048276 0.006897 0.006897 0.103448 0.075862 0.075862 0.103448 0.255172 0.089655 
0.038760 0.007752 0.007752 0.007752 0.209302 0.069767 0.007752 0.007752 0.007752 0.348837 0.007752 0.007752 0.007752 0.193798 0.069767 
0.038251 0.027322 0.038251 0.016393 0.202186 0.213115 0.005464 0.060109 0.005464 0.038251 0.092896 0.103825 0.125683 0.016393 0.016393 
0.076923 0.036437 0.165992 0.036437 0.174089 0.044534 0.028340 0.004049 0.044534 0.028340 0.141700 0.174089 0.020243 0.004049 0.020243 
0.054264 0.007752 0.054264 0.007752 0.038760 0.100775 0.286822 0.023256 0.054264 0.085271 0.007752 0.100775 0.038760 0.023256 0.116279 
0.042654 0.251185 0.004739 0.014218 0.042654 0.004739 0.127962 0.004739 0.080569 0.004739 0.004739 0.004739 0.004739 0.374408 0.033175 
0.005236 0.120419 0.005236 0.005236 0.026178 0.005236 0.141361 0.068063 0.089005 0.015707 0.078534 0.047120 0.099476 0.287958 0.005236 
0.005714 0.040000 0.040000 0.051429 0.108571 0.017143 0.062857 0.051429 0.097143 0.074286 0.005714 0.005714 0.005714 0.005714 0.428571 
0.018182 0.187879 0.042424 0.054545 0.006061 0.018182 0.103030 0.030303 0.090909 0.042424 0.066667 0.054545 0.006061 0.175758 0.103030 
0.004566 0.168950 0.013699 0.004566 0.004566 0.123288 0.013699 0.013699 0.077626 0.050228 0.022831 0.114155 0.059361 0.086758 0.242009 
0.015075 0.356784 0.015075 0.135678 0.005025 0.105528 0.105528 0.005025 0.025126 0.005025 0.005025 0.005025 0.115578 0.095477 0.005025 
0.027322 0.005464 0.060109 0.005464 0.038251 0.016393 0.202186 0.060109 0.005464 0.038251 0.081967 0.005464 0.114754 0.027322 0.311475 
0.026178 0.005236 0.120419 0.078534 0.005236 0.130890 0.005236 0.026178 0.151832 0.005236 0.099476 0.078534 0.005236 0.005236 0.256545 
0.006135 0.300613 0.006135 0.018405 0.312883 0.006135 0.006135 0.006135 0.042945 0.104294 0.018405 0.067485 0.006135 0.092025 0.006135 
0.064748 0.007194 0.035971 0.064748 0.280576 0.007194 0.079137 0.035971 0.093525 0.064748 0.050360 0.064748 0.007194 0.107914 0.035971 
0.056604 0.056604 0.069182 0.106918 0.006289 0.006289 0.056604 0.031447 0.031447 0.270440 0.006289 0.194969 0.006289 0.006289 0.094340 
0.116279 0.190698 0.069767 0.004651 0.237209 0.125581 0.069767 0.041860 0.041860 0.013953 0.004651 0.023256 0.004651 0.051163 0.004651 
0.007407 0.081481 0.007407 0.037037 0.007407 0.007407 0.200000 0.051852 0.200000 0.007407 0.037037 0.170370 0.037037 0.051852 0.096296 
0.112299 0.133690 0.016043 0.016043 0.037433 0.016043 0.069519 0.058824 0.197861 0.080214 0.005348 0.037433 0.112299 0.090909 0.016043 
0.012146 0.076923 0.060729 0.004049 0.109312 0.068826 0.157895 0.004049 0.093117 0.052632 0.255061 0.004049 0.060729 0.036437 0.004049 
0.005348 0.016043 0.005348 0.294118 0.155080 0.005348 0.080214 0.026738 0.069519 0.101604 0.005348 0.048128 0.016043 0.144385 0.026738 
0.007407 0.125926 0.007407 0.022222 0.170370 0.007407 0.140741 0.200000 0.022222 0.140741 0.007407 0.051852 0.007407 0.066667 0.022222 
0.091787 0.062802 0.130435 0.178744 0.120773 0.014493 0.004831 0.004831 0.062802 0.159420 0.004831 0.043478 0.091787 0.024155 0.004831 
0.114094 0.020134 0.006711 0.020134 0.463087 0.033557 0.006711 0.006711 0.020134 0.114094 0.006711 0.033557 0.006711 0.006711 0.140940 
0.044776 0.004975 0.064677 0.004975 0.114428 0.004975 0.014925 0.014925 0.343284 0.064677 0.054726 0.114428 0.004975 0.004975 0.144279 
0.005988 0.041916 0.161677 0.005988 0.173653 0.005988 0.017964 0.017964 0.017964 0.029940 0.005988 0.113772 0.233533 0.161677 0.005988 
0.005128 0.035897 0.025641 0.005128 0.128205 0.005128 0.138462 0.035897 0.005128 0.210256 0.015385 0.179487 0.189744 0.015385 0.005128 
0.005128 0.005128 0.015385 0.200000 0.148718 0.005128 0.015385 0.005128 0.015385 0.087179 0.005128 0.200000 0.097436 0.005128 0.189744 
0.057269 0.048458 0.092511 0.030837 0.101322 0.004405 0.118943 0.004405 0.022026 0.180617 0.136564 0.057269 0.004405 0.004405 0.136564 
0.078014 0.049645 0.007092 0.021277 0.035461 0.035461 0.234043 0.078014 0.276596 0.092199 0.007092 0.021277 0.007092 0.035461 0.021277 
0.007194 0.007194 0.050360 0.007194 0.611511 0.035971 0.079137 0.021583 0.007194 0.050360 0.021583 0.064748 0.021583 0.007194 0.007194 
0.088000 0.008000 0.008000 0.072000 0.216000 0.040000 0.104000 0.024000 0.344000 0.008000 0.024000 0.008000 0.008000 0.040000 0.008000 
0.006452 0.019355 0.006452 0.006452 0.019355 0.148387 0.161290 0.083871 0.006452 0.019355 0.006452 0.329032 0.019355 0.148387 0.019355 
0.049724 0.005525 0.071823 0.016575 0.171271 0.005525 0.049724 0.005525 0.038674 0.204420 0.270718 0.005525 0.016575 0.005525 0.082873 
0.006536 0.084967 0.163399 0.019608 0.098039 0.098039 0.006536 0.019608 0.163399 0.202614 0.045752 0.058824 0.006536 0.019608 0.006536 
0.144385 0.133690 0.112299 0.005348 0.058824 0.048128 0.069519 0.037433 0.005348 0.005348 0.016043 0.090909 0.155080 0.026738 0.090909 
0.008130 0.073171 0.008130 0.008130 0.170732 0.056911 0.447154 0.008130 0.024390 0.089431 0.056911 0.008130 0.008130 0.008130 0.024390 
0.006135 0.190184 0.006135 0.018405 0.288344 0.055215 0.055215 0.006135 0.116564 0.006135 0.030675 0.006135 0.006135 0.202454 0.006135 
0.018182 0.066667 0.054545 0.090909 0.200000 0.066667 0.054545 0.090909 0.103030 0.030303 0.006061 0.187879 0.006061 0.018182 0.006061 
0.052023 0.271676 0.005780 0.005780 0.075145 0.005780 0.005780 0.005780 0.225434 0.213873 0.005780 0.086705 0.017341 0.005780 0.017341 
0.082873 0.093923 0.005525 0.071823 0.237569 0.005525 0.182320 0.082873 0.005525 0.038674 0.049724 0.038674 0.027624 0.038674 0.038674 
0.005988 0.005988 0.017964 0.029940 0.329341 0.077844 0.065868 0.053892 0.005988 0.041916 0.017964 0.101796 0.005988 0.233533 0.005988 
0.150327 0.163399 0.019608 0.045752 0.163399 0.006536 0.019608 0.032680 0.071895 0.019608 0.006536 0.045752 0.006536 0.215686 0.032680 
0.006135 0.018405 0.006135 0.067485 0.214724 0.055215 0.067485 0.006135 0.018405 0.104294 0.006135 0.116564 0.018405 0.288344 0.006135 
0.046980 0.114094 0.006711 0.006711 0.154362 0.006711 0.114094 0.020134 0.006711 0.140940 0.006711 0.288591 0.006711 0.073826 0.006711 
0.111111 0.022222 0.007407 0.185185 0.155556 0.007407 0.007407 0.037037 0.037037 0.229630 0.007407 0.051852 0.022222 0.037037 0.081481 
0.028249 0.016949 0.039548 0.050847 0.129944 0.005650 0.209040 0.005650 0.005650 0.107345 0.005650 0.163842 0.129944 0.096045 0.005650 
0.006369 0.006369 0.006369 0.006369 0.019108 0.082803 0.070064 0.019108 0.070064 0.019108 0.273885 0.350318 0.006369 0.057325 0.006369 
0.028249 0.050847 0.016949 0.050847 0.084746 0.028249 0.129944 0.028249 0.005650 0.175141 0.005650 0.163842 0.016949 0.005650 0.209040 
0.071895 0.006536 0.124183 0.084967 0.254902 0.006536 0.006536 0.006536 0.032680 0.019608 0.071895 0.045752 0.006536 0.189542 0.071895 
0.059603 0.006623 0.006623 0.033113 0.019868 0.019868 0.046358 0.019868 0.019868 0.139073 0.033113 0.430464 0.072848 0.006623 0.086093 
0.018868 0.006289 0.132075 0.069182 0.119497 0.044025 0.006289 0.018868 0.006289 0.081761 0.006289 0.283019 0.031447 0.169811 0.006289 
0.082873 0.005525 0.060773 0.093923 0.193370 0.038674 0.038674 0.016575 0.060773 0.016575 0.005525 0.027624 0.005525 0.348066 0.005525 
0.148936 0.140426 0.038298 0.157447 0.157447 0.029787 0.063830 0.038298 0.021277 0.004255 0.072340 0.046809 0.004255 0.055319 0.021277 
0.021583 0.007194 0.007194 0.266187 0.064748 0.050360 0.007194 0.007194 0.007194 0.107914 0.007194 0.251799 0.007194 0.122302 0.064748 
0.037594 0.022556 0.007519 0.022556 0.112782 0.007519 0.157895 0.022556 0.022556 0.022556 0.007519 0.233083 0.007519 0.293233 0.022556 
0.163121 0.078014 0.049645 0.007092 0.418440 0.007092 0.007092 0.007092 0.063830 0.007092 0.021277 0.049645 0.106383 0.007092 0.007092 
0.025126 0.005025 0.055276 0.005025 0.175879 0.015075 0.025126 0.025126 0.145729 0.015075 0.005025 0.075377 0.135678 0.045226 0.246231 
0.006289 0.056604 0.006289 0.006289 0.031447 0.006289 0.207547 0.006289 0.069182 0.006289 0.132075 0.056604 0.119497 0.245283 0.044025 
0.098039 0.098039 0.006536 0.006536 0.228758 0.006536 0.176471 0.058824 0.019608 0.019608 0.019608 0.058824 0.019608 0.176471 0.006536 
0.005348 0.048128 0.122995 0.005348 0.090909 0.069519 0.016043 0.005348 0.005348 0.005348 0.005348 0.155080 0.069519 0.390374 0.005348 
0.076923 0.005917 0.301775 0.005917 0.242604 0.005917 0.041420 0.029586 0.005917 0.005917 0.029586 0.159763 0.005917 0.053254 0.029586 
0.005587 0.072626 0.027933 0.072626 0.083799 0.050279 0.016760 0.016760 0.016760 0.072626 0.173184 0.273743 0.016760 0.083799 0.016760 
0.078341 0.004608 0.290323 0.059908 0.059908 0.059908 0.188940 0.004608 0.004608 0.004608 0.032258 0.023041 0.050691 0.013825 0.124424 
0.006711 0.020134 0.006711 0.114094 0.046980 0.033557 0.154362 0.006711 0.073826 0.006711 0.046980 0.181208 0.006711 0.248322 0.046980 
0.075862 0.006897 0.006897 0.006897 0.034483 0.020690 0.020690 0.131034 0.006897 0.020690 0.006897 0.448276 0.006897 0.131034 0.075862 
0.016760 0.005587 0.005587 0.027933 0.340782 0.027933 0.351955 0.005587 0.005587 0.016760 0.039106 0.027933 0.016760 0.094972 0.016760 
0.174129 0.074627 0.074627 0.044776 0.134328 0.004975 0.044776 0.034826 0.024876 0.004975 0.004975 0.094527 0.024876 0.223881 0.034826 
0.151515 0.066667 0.175758 0.054545 0.090909 0.175758 0.006061 0.006061 0.018182 0.030303 0.018182 0.006061 0.030303 0.163636 0.006061 
0.006211 0.068323 0.180124 0.118012 0.204969 0.006211 0.130435 0.006211 0.043478 0.018634 0.006211 0.031056 0.006211 0.118012 0.055901 
0.007194 0.208633 0.194245 0.064748 0.079137 0.107914 0.007194 0.007194 0.035971 0.007194 0.007194 0.007194 0.007194 0.251799 0.007194 
0.022901 0.007634 0.022901 0.007634 0.007634 0.007634 0.007634 0.022901 0.068702 0.206107 0.053435 0.206107 0.206107 0.145038 0.007634 
0.064748 0.007194 0.064748 0.035971 0.007194 0.007194 0.007194 0.093525 0.035971 0.079137 0.079137 0.179856 0.021583 0.050360 0.266187 
0.039648 0.066079 0.022026 0.057269 0.057269 0.039648 0.022026 0.004405 0.013216 0.092511 0.004405 0.207048 0.013216 0.013216 0.348018 
0.006135 0.006135 0.325153 0.128834 0.018405 0.055215 0.006135 0.055215 0.312883 0.006135 0.006135 0.006135 0.018405 0.006135 0.042945 
0.020408 0.006803 0.020408 0.102041 0.129252 0.061224 0.020408 0.006803 0.034014 0.020408 0.006803 0.115646 0.197279 0.142857 0.115646 
0.124260 0.005917 0.005917 0.147929 0.017751 0.112426 0.053254 0.005917 0.076923 0.005917 0.041420 0.242604 0.053254 0.100592 0.005917 
0.265700 0.014493 0.004831 0.120773 0.014493 0.004831 0.004831 0.033816 0.120773 0.043478 0.082126 0.004831 0.024155 0.236715 0.024155 
0.094972 0.005587 0.039106 0.139665 0.094972 0.005587 0.184358 0.072626 0.061453 0.005587 0.016760 0.050279 0.050279 0.173184 0.005587 
0.181287 0.099415 0.017544 0.005848 0.111111 0.099415 0.017544 0.005848 0.064327 0.040936 0.017544 0.169591 0.005848 0.134503 0.029240 
0.032258 0.032258 0.019355 0.032258 0.045161 0.045161 0.006452 0.019355 0.006452 0.083871 0.006452 0.251613 0.006452 0.083871 0.329032 
0.075377 0.165829 0.015075 0.175879 0.115578 0.025126 0.005025 0.115578 0.035176 0.015075 0.035176 0.135678 0.025126 0.055276 0.005025 
0.093333 0.111111 0.022222 0.040000 0.173333 0.004444 0.004444 0.004444 0.022222 0.048889 0.022222 0.022222 0.013333 0.404444 0.013333 
0.017341 0.121387 0.017341 0.086705 0.005780 0.005780 0.121387 0.005780 0.052023 0.075145 0.017341 0.005780 0.028902 0.352601 0.086705 
0.005525 0.016575 0.005525 0.060773 0.226519 0.116022 0.016575 0.027624 0.027624 0.049724 0.027624 0.171271 0.027624 0.182320 0.038674 
0.022222 0.051852 0.007407 0.170370 0.111111 0.007407 0.185185 0.007407 0.170370 0.081481 0.007407 0.007407 0.066667 0.096296 0.007407 
0.120000 0.013333 0.048889 0.013333 0.146667 0.191111 0.120000 0.013333 0.013333 0.013333 0.031111 0.004444 0.004444 0.262222 0.004444 
0.077720 0.005181 0.005181 0.098446 0.222798 0.005181 0.005181 0.056995 0.005181 0.005181 0.129534 0.108808 0.005181 0.222798 0.046632 
0.046980 0.006711 0.020134 0.006711 0.194631 0.006711 0.073826 0.046980 0.315436 0.127517 0.006711 0.046980 0.006711 0.006711 0.087248 
0.027624 0.049724 0.082873 0.149171 0.193370 0.005525 0.248619 0.016575 0.005525 0.038674 0.005525 0.104972 0.027624 0.016575 0.027624 
0.006061 0.030303 0.054545 0.115152 0.345455 0.042424 0.006061 0.006061 0.018182 0.018182 0.006061 0.054545 0.284848 0.006061 0.006061 
0.030303 0.006061 0.090909 0.054545 0.381818 0.006061 0.078788 0.030303 0.006061 0.006061 0.054545 0.042424 0.127273 0.006061 0.078788 
0.006452 0.058065 0.006452 0.019355 0.096774 0.006452 0.251613 0.174194 0.083871 0.032258 0.019355 0.174194 0.006452 0.058065 0.006452 
0.004444 0.200000 0.111111 0.022222 0.022222 0.004444 0.013333 0.004444 0.031111 0.004444 0.093333 0.333333 0.031111 0.111111 0.013333 
0.084967 0.006536 0.019608 0.032680 0.111111 0.071895 0.098039 0.006536 0.071895 0.032680 0.045752 0.137255 0.006536 0.228758 0.045752 
0.039370 0.055118 0.055118 0.070866 0.039370 0.055118 0.039370 0.149606 0.007874 0.039370 0.118110 0.244094 0.023622 0.055118 0.007874 
0.008000 0.088000 0.008000 0.008000 0.312000 0.008000 0.008000 0.152000 0.008000 0.008000 0.008000 0.200000 0.008000 0.008000 0.168000 
0.005291 0.248677 0.047619 0.015873 0.248677 0.015873 0.005291 0.037037 0.100529 0.026455 0.079365 0.005291 0.005291 0.153439 0.005291 
0.096447 0.015228 0.015228 0.025381 0.065990 0.187817 0.116751 0.015228 0.005076 0.106599 0.106599 0.065990 0.005076 0.167513 0.005076 
0.022556 0.007519 0.007519 0.007519 0.458647 0.022556 0.007519 0.037594 0.007519 0.052632 0.007519 0.052632 0.007519 0.248120 0.052632 
0.142857 0.004082 0.036735 0.020408 0.053061 0.004082 0.085714 0.004082 0.004082 0.004082 0.012245 0.004082 0.028571 0.428571 0.167347 
0.108280 0.057325 0.006369 0.006369 0.019108 0.095541 0.082803 0.006369 0.031847 0.108280 0.006369 0.248408 0.006369 0.184713 0.031847 
0.035857 0.107570 0.338645 0.003984 0.003984 0.019920 0.123506 0.019920 0.019920 0.059761 0.003984 0.091633 0.163347 0.003984 0.003984 
0.006211 0.006211 0.055901 0.018634 0.304348 0.068323 0.006211 0.006211 0.006211 0.118012 0.055901 0.155280 0.018634 0.118012 0.055901 
0.039301 0.013100 0.030568 0.004367 0.091703 0.004367 0.135371 0.196507 0.030568 0.030568 0.074236 0.126638 0.126638 0.056769 0.039301 
0.008000 0.008000 0.152000 0.088000 0.008000 0.008000 0.088000 0.040000 0.024000 0.072000 0.008000 0.440000 0.008000 0.040000 0.008000 
0.061453 0.184358 0.162011 0.005587 0.173184 0.005587 0.005587 0.061453 0.039106 0.083799 0.083799 0.016760 0.005587 0.106145 0.005587 
0.015228 0.005076 0.299492 0.005076 0.005076 0.076142 0.005076 0.035533 0.005076 0.045685 0.065990 0.218274 0.076142 0.086294 0.055838 
0.167568 0.005405 0.200000 0.048649 0.070270 0.081081 0.027027 0.016216 0.059459 0.048649 0.091892 0.005405 0.059459 0.102703 0.016216 
0.029787 0.012766 0.004255 0.038298 0.080851 0.165957 0.029787 0.029787 0.021277 0.131915 0.140426 0.021277 0.029787 0.217021 0.046809 
0.041916 0.089820 0.245509 0.029940 0.029940 0.029940 0.005988 0.017964 0.161677 0.065868 0.041916 0.137725 0.065868 0.005988 0.029940 
0.078261 0.060870 0.060870 0.008696 0.286957 0.060870 0.008696 0.026087 0.060870 0.113043 0.060870 0.130435 0.008696 0.026087 0.008696 
0.004831 0.275362 0.043478 0.072464 0.082126 0.024155 0.024155 0.033816 0.004831 0.188406 0.014493 0.149758 0.004831 0.072464 0.004831 
0.139665 0.117318 0.039106 0.005587 0.050279 0.005587 0.005587 0.039106 0.005587 0.251397 0.039106 0.173184 0.005587 0.117318 0.005587 
0.035533 0.167513 0.025381 0.025381 0.005076 0.005076 0.015228 0.035533 0.015228 0.005076 0.086294 0.238579 0.147208 0.187817 0.005076 
0.100529 0.089947 0.164021 0.005291 0.037037 0.005291 0.037037 0.005291 0.164021 0.047619 0.121693 0.015873 0.089947 0.058201 0.058201 
0.109827 0.028902 0.005780 0.005780 0.179191 0.040462 0.005780 0.052023 0.017341 0.017341 0.063584 0.109827 0.225434 0.132948 0.005780 
0.287958 0.183246 0.005236 0.109948 0.130890 0.015707 0.120419 0.005236 0.005236 0.005236 0.005236 0.047120 0.026178 0.047120 0.005236 
0.409396 0.033557 0.020134 0.087248 0.006711 0.087248 0.006711 0.006711 0.060403 0.006711 0.020134 0.181208 0.033557 0.020134 0.020134 
0.005076 0.005076 0.035533 0.065990 0.269036 0.005076 0.340102 0.035533 0.035533 0.076142 0.005076 0.005076 0.005076 0.106599 0.005076 
0.120000 0.154286 0.108571 0.005714 0.085714 0.028571 0.188571 0.165714 0.028571 0.062857 0.005714 0.017143 0.005714 0.005714 0.017143 
0.005405 0.167568 0.005405 0.005405 0.016216 0.016216 0.005405 0.005405 0.037838 0.091892 0.016216 0.167568 0.091892 0.059459 0.308108 
0.006061 0.066667 0.078788 0.054545 0.078788 0.006061 0.030303 0.006061 0.006061 0.006061 0.006061 0.357576 0.175758 0.090909 0.030303 
0.005291 0.174603 0.015873 0.174603 0.005291 0.111111 0.005291 0.005291 0.005291 0.015873 0.005291 0.280423 0.047619 0.037037 0.111111 
0.040936 0.005848 0.005848 0.017544 0.076023 0.005848 0.169591 0.064327 0.052632 0.017544 0.005848 0.040936 0.005848 0.040936 0.450292 
0.178744 0.140097 0.004831 0.101449 0.130435 0.004831 0.062802 0.004831 0.004831 0.091787 0.062802 0.014493 0.004831 0.169082 0.024155 
0.006803 0.088435 0.020408 0.020408 0.265306 0.061224 0.034014 0.006803 0.020408 0.006803 0.020408 0.319728 0.074830 0.034014 0.020408 
0.130435 0.008696 0.043478 0.008696 0.008696 0.008696 0.026087 0.078261 0.043478 0.200000 0.078261 0.321739 0.026087 0.008696 0.008696 
0.074380 0.008264 0.008264 0.140496 0.140496 0.008264 0.008264 0.008264 0.074380 0.057851 0.057851 0.140496 0.008264 0.123967 0.140496 
0.085427 0.276382 0.045226 0.035176 0.195980 0.045226 0.005025 0.005025 0.015075 0.095477 0.005025 0.015075 0.025126 0.125628 0.025126 
0.042424 0.042424 0.006061 0.018182 0.103030 0.042424 0.187879 0.006061 0.054545 0.006061 0.006061 0.078788 0.006061 0.200000 0.200000 
