0.129707 0.079498 0.330544 0.037657 0.029289 0.029289 0.004184 0.004184 0.121339 0.004184 0.046025 0.012552 0.004184 0.071130 0.096234 
0.022624 0.312217 0.149321 0.067873 0.004525 0.004525 0.013575 0.004525 0.140271 0.040724 0.004525 0.013575 0.040724 0.067873 0.113122 
0.004367 0.318777 0.257642 0.135371 0.004367 0.013100 0.082969 0.021834 0.004367 0.021834 0.100437 0.004367 0.004367 0.004367 0.021834 
0.015228 0.126904 0.005076 0.045685 0.005076 0.035533 0.025381 0.015228 0.025381 0.065990 0.005076 0.005076 0.035533 0.116751 0.472081 
0.018315 0.369963 0.069597 0.194139 0.040293 0.054945 0.032967 0.040293 0.084249 0.018315 0.040293 0.010989 0.018315 0.003663 0.003663 
0.004739 0.165877 0.080569 0.033175 0.146919 0.014218 0.014218 0.004739 0.052133 0.004739 0.004739 0.080569 0.061611 0.004739 0.327014 
0.171548 0.071130 0.347280 0.079498 0.004184 0.004184 0.004184 0.004184 0.004184 0.020921 0.020921 0.004184 0.046025 0.079498 0.138075 
0.025381 0.380711 0.005076 0.035533 0.015228 0.005076 0.005076 0.005076 0.065990 0.025381 0.167513 0.035533 0.055838 0.005076 0.167513 
0.154812 0.288703 0.004184 0.004184 0.004184 0.020921 0.004184 0.004184 0.012552 0.004184 0.364017 0.012552 0.004184 0.071130 0.046025 
0.006536 0.254902 0.032680 0.006536 0.045752 0.006536 0.019608 0.006536 0.006536 0.006536 0.006536 0.098039 0.176471 0.006536 0.320261 
0.037037 0.226337 0.489712 0.028807 0.012346 0.004115 0.028807 0.037037 0.004115 0.086420 0.004115 0.004115 0.028807 0.004115 0.004115 
0.012552 0.238494 0.221757 0.112971 0.029289 0.037657 0.037657 0.071130 0.020921 0.054393 0.004184 0.004184 0.087866 0.029289 0.037657 
0.035176 0.185930 0.025126 0.165829 0.005025 0.065327 0.055276 0.005025 0.055276 0.095477 0.085427 0.025126 0.075377 0.055276 0.065327 
0.051163 0.320930 0.144186 0.116279 0.051163 0.004651 0.004651 0.013953 0.004651 0.004651 0.106977 0.097674 0.004651 0.004651 0.069767 
0.093426 0.211073 0.024221 0.024221 0.003460 0.003460 0.086505 0.003460 0.031142 0.044983 0.107266 0.003460 0.024221 0.217993 0.121107 
0.004608 0.345622 0.004608 0.142857 0.004608 0.041475 0.013825 0.013825 0.059908 0.023041 0.188940 0.004608 0.023041 0.096774 0.032258 
0.136564 0.048458 0.303965 0.013216 0.004405 0.022026 0.013216 0.004405 0.022026 0.004405 0.004405 0.004405 0.057269 0.022026 0.339207 
0.010989 0.296703 0.208791 0.032967 0.032967 0.098901 0.040293 0.018315 0.003663 0.032967 0.003663 0.018315 0.003663 0.106227 0.091575 
0.003717 0.100372 0.055762 0.018587 0.011152 0.085502 0.085502 0.085502 0.026022 0.063197 0.003717 0.003717 0.003717 0.085502 0.368030 
0.027237 0.019455 0.112840 0.073930 0.003891 0.027237 0.003891 0.011673 0.175097 0.035019 0.027237 0.081712 0.019455 0.066148 0.315175 
0.006623 0.496689 0.006623 0.019868 0.006623 0.019868 0.006623 0.006623 0.125828 0.006623 0.006623 0.006623 0.019868 0.125828 0.139073 
0.149758 0.265700 0.062802 0.024155 0.053140 0.004831 0.014493 0.024155 0.043478 0.043478 0.004831 0.082126 0.004831 0.024155 0.198068 
0.004405 0.198238 0.171806 0.039648 0.004405 0.004405 0.004405 0.083700 0.013216 0.022026 0.039648 0.004405 0.118943 0.286344 0.004405 
0.030675 0.202454 0.018405 0.006135 0.006135 0.116564 0.055215 0.116564 0.042945 0.018405 0.055215 0.006135 0.018405 0.153374 0.153374 
0.016216 0.156757 0.145946 0.016216 0.016216 0.081081 0.048649 0.016216 0.037838 0.027027 0.048649 0.059459 0.016216 0.027027 0.286486 
0.015228 0.329949 0.035533 0.005076 0.015228 0.065990 0.005076 0.045685 0.106599 0.005076 0.005076 0.005076 0.035533 0.005076 0.319797 
0.020576 0.176955 0.193416 0.004115 0.004115 0.012346 0.004115 0.012346 0.020576 0.193416 0.028807 0.004115 0.028807 0.185185 0.111111 
0.086792 0.200000 0.154717 0.056604 0.011321 0.056604 0.003774 0.003774 0.018868 0.207547 0.011321 0.086792 0.003774 0.003774 0.094340 
0.002597 0.329870 0.236364 0.168831 0.002597 0.002597 0.002597 0.028571 0.002597 0.007792 0.122078 0.018182 0.002597 0.038961 0.033766 
0.049430 0.026616 0.003802 0.429658 0.011407 0.079848 0.003802 0.125475 0.003802 0.057034 0.003802 0.011407 0.041825 0.148289 0.003802 
0.017143 0.314286 0.017143 0.085714 0.005714 0.028571 0.028571 0.005714 0.040000 0.005714 0.005714 0.017143 0.005714 0.062857 0.360000 
0.024155 0.275362 0.024155 0.024155 0.004831 0.004831 0.024155 0.130435 0.004831 0.014493 0.014493 0.014493 0.004831 0.178744 0.256039 
0.038674 0.016575 0.016575 0.038674 0.016575 0.016575 0.038674 0.027624 0.005525 0.204420 0.160221 0.005525 0.027624 0.215470 0.171271 
0.019868 0.403974 0.033113 0.006623 0.072848 0.006623 0.006623 0.019868 0.099338 0.033113 0.033113 0.059603 0.006623 0.086093 0.112583 
0.005181 0.440415 0.067358 0.015544 0.005181 0.046632 0.036269 0.036269 0.129534 0.056995 0.025907 0.036269 0.005181 0.077720 0.015544 
0.006061 0.272727 0.006061 0.066667 0.006061 0.018182 0.078788 0.175758 0.018182 0.018182 0.018182 0.006061 0.006061 0.018182 0.284848 
0.084337 0.212851 0.044177 0.084337 0.004016 0.004016 0.020080 0.108434 0.060241 0.028112 0.068273 0.060241 0.004016 0.188755 0.028112 
0.014925 0.482587 0.074627 0.054726 0.004975 0.004975 0.014925 0.004975 0.084577 0.044776 0.054726 0.004975 0.004975 0.124378 0.024876 
0.016393 0.289617 0.016393 0.103825 0.005464 0.005464 0.081967 0.005464 0.005464 0.027322 0.005464 0.049180 0.092896 0.114754 0.180328 
0.003745 0.071161 0.310861 0.056180 0.056180 0.048689 0.003745 0.033708 0.003745 0.003745 0.018727 0.011236 0.183521 0.176030 0.018727 
0.008499 0.405099 0.008499 0.116147 0.025496 0.002833 0.008499 0.031161 0.002833 0.070822 0.053824 0.019830 0.144476 0.014164 0.087819 
0.003717 0.271375 0.211896 0.011152 0.003717 0.011152 0.063197 0.011152 0.144981 0.011152 0.011152 0.018587 0.003717 0.085502 0.137546 
0.004975 0.253731 0.004975 0.124378 0.004975 0.004975 0.014925 0.044776 0.024876 0.034826 0.004975 0.034826 0.024876 0.044776 0.373134 
0.104478 0.034826 0.303483 0.104478 0.064677 0.004975 0.024876 0.004975 0.054726 0.004975 0.004975 0.024876 0.004975 0.243781 0.014925 
0.178808 0.099338 0.019868 0.019868 0.019868 0.046358 0.072848 0.033113 0.178808 0.006623 0.046358 0.046358 0.099338 0.072848 0.059603 
0.016393 0.060109 0.114754 0.016393 0.114754 0.071038 0.005464 0.114754 0.071038 0.005464 0.027322 0.092896 0.060109 0.016393 0.213115 
0.052632 0.511962 0.052632 0.033493 0.004785 0.090909 0.043062 0.004785 0.014354 0.004785 0.014354 0.043062 0.052632 0.004785 0.071770 
0.144279 0.333333 0.004975 0.014925 0.004975 0.014925 0.004975 0.064677 0.064677 0.054726 0.074627 0.034826 0.144279 0.004975 0.034826 
0.003984 0.179283 0.003984 0.298805 0.075697 0.027888 0.011952 0.003984 0.099602 0.099602 0.019920 0.035857 0.003984 0.003984 0.131474 
0.004484 0.381166 0.004484 0.013453 0.040359 0.004484 0.004484 0.049327 0.013453 0.076233 0.076233 0.004484 0.237668 0.085202 0.004484 
0.014493 0.516908 0.004831 0.217391 0.004831 0.004831 0.004831 0.033816 0.043478 0.014493 0.024155 0.004831 0.101449 0.004831 0.004831 
0.104603 0.163180 0.079498 0.004184 0.004184 0.004184 0.029289 0.037657 0.004184 0.029289 0.096234 0.062762 0.004184 0.163180 0.213389 
0.004651 0.144186 0.097674 0.004651 0.079070 0.004651 0.004651 0.004651 0.088372 0.013953 0.153488 0.023256 0.116279 0.004651 0.255814 
0.006289 0.446541 0.081761 0.018868 0.031447 0.044025 0.006289 0.069182 0.006289 0.018868 0.006289 0.006289 0.081761 0.169811 0.006289 
0.005236 0.120419 0.026178 0.015707 0.005236 0.015707 0.057592 0.015707 0.005236 0.015707 0.057592 0.068063 0.162304 0.130890 0.298429 
0.005076 0.380711 0.015228 0.035533 0.005076 0.116751 0.065990 0.065990 0.065990 0.015228 0.045685 0.015228 0.005076 0.005076 0.157360 
0.003774 0.049057 0.026415 0.003774 0.094340 0.018868 0.200000 0.003774 0.026415 0.071698 0.116981 0.003774 0.033962 0.018868 0.328302 
0.012552 0.322176 0.071130 0.071130 0.062762 0.079498 0.079498 0.020921 0.020921 0.020921 0.171548 0.004184 0.020921 0.037657 0.004184 
0.005525 0.127072 0.093923 0.016575 0.138122 0.016575 0.005525 0.027624 0.005525 0.093923 0.116022 0.005525 0.071823 0.104972 0.171271 
0.028249 0.401130 0.016949 0.016949 0.084746 0.005650 0.028249 0.005650 0.016949 0.005650 0.039548 0.050847 0.016949 0.073446 0.209040 
0.029240 0.076023 0.029240 0.017544 0.029240 0.029240 0.029240 0.005848 0.239766 0.111111 0.052632 0.040936 0.005848 0.134503 0.169591 
0.019178 0.287671 0.008219 0.435616 0.002740 0.008219 0.030137 0.002740 0.035616 0.035616 0.002740 0.002740 0.013699 0.106849 0.008219 
0.089820 0.089820 0.005988 0.077844 0.017964 0.005988 0.005988 0.029940 0.029940 0.017964 0.137725 0.149701 0.125749 0.005988 0.209581 
0.007092 0.177305 0.262411 0.021277 0.219858 0.035461 0.063830 0.007092 0.007092 0.021277 0.063830 0.021277 0.007092 0.007092 0.078014 
0.005714 0.451429 0.028571 0.097143 0.005714 0.005714 0.005714 0.074286 0.005714 0.005714 0.005714 0.005714 0.108571 0.028571 0.165714 
0.006369 0.337580 0.019108 0.006369 0.019108 0.248408 0.006369 0.006369 0.006369 0.057325 0.095541 0.006369 0.006369 0.006369 0.171975 
0.003984 0.147410 0.003984 0.059761 0.003984 0.043825 0.115538 0.147410 0.019920 0.003984 0.258964 0.003984 0.003984 0.067729 0.115538 
0.005587 0.564246 0.005587 0.128492 0.027933 0.005587 0.027933 0.005587 0.094972 0.016760 0.016760 0.005587 0.083799 0.005587 0.005587 
0.019157 0.195402 0.026820 0.172414 0.003831 0.003831 0.019157 0.057471 0.003831 0.164751 0.011494 0.026820 0.003831 0.019157 0.272031 
0.010033 0.150502 0.331104 0.003344 0.003344 0.010033 0.003344 0.036789 0.023411 0.003344 0.264214 0.003344 0.003344 0.010033 0.143813 
0.028807 0.135802 0.012346 0.012346 0.028807 0.004115 0.037037 0.037037 0.004115 0.012346 0.160494 0.102881 0.004115 0.061728 0.358025 
0.083004 0.233202 0.193676 0.035573 0.003953 0.003953 0.083004 0.003953 0.011858 0.043478 0.003953 0.003953 0.003953 0.083004 0.209486 
0.047619 0.005291 0.291005 0.005291 0.026455 0.005291 0.005291 0.037037 0.005291 0.005291 0.132275 0.015873 0.015873 0.026455 0.375661 
0.027237 0.330739 0.003891 0.058366 0.035019 0.003891 0.112840 0.003891 0.050584 0.120623 0.042802 0.003891 0.003891 0.003891 0.198444 
0.034014 0.074830 0.020408 0.333333 0.020408 0.006803 0.006803 0.047619 0.047619 0.047619 0.047619 0.020408 0.006803 0.006803 0.278912 
0.003636 0.556364 0.185455 0.010909 0.003636 0.040000 0.025455 0.076364 0.010909 0.040000 0.003636 0.032727 0.003636 0.003636 0.003636 
0.046358 0.006623 0.033113 0.019868 0.006623 0.019868 0.006623 0.086093 0.139073 0.006623 0.178808 0.033113 0.099338 0.019868 0.298013 
0.042424 0.054545 0.127273 0.042424 0.018182 0.078788 0.030303 0.006061 0.018182 0.006061 0.139394 0.018182 0.018182 0.042424 0.357576 
0.095023 0.303167 0.004525 0.004525 0.040724 0.022624 0.004525 0.022624 0.067873 0.140271 0.013575 0.013575 0.076923 0.095023 0.095023 
0.104478 0.253731 0.004975 0.014925 0.054726 0.004975 0.004975 0.024876 0.054726 0.014925 0.004975 0.004975 0.034826 0.104478 0.313433 
0.003390 0.200000 0.240678 0.132203 0.010169 0.023729 0.003390 0.003390 0.023729 0.003390 0.111864 0.010169 0.003390 0.016949 0.213559 
0.005587 0.150838 0.195531 0.027933 0.016760 0.005587 0.016760 0.016760 0.005587 0.005587 0.005587 0.072626 0.061453 0.050279 0.363128 
0.014778 0.221675 0.024631 0.054187 0.014778 0.113300 0.014778 0.004926 0.014778 0.152709 0.113300 0.073892 0.014778 0.014778 0.152709 
0.003344 0.137124 0.096990 0.036789 0.016722 0.016722 0.056856 0.117057 0.010033 0.023411 0.123746 0.003344 0.076923 0.050167 0.230769 
0.019455 0.307393 0.035019 0.097276 0.011673 0.003891 0.066148 0.019455 0.019455 0.003891 0.003891 0.011673 0.003891 0.027237 0.369650 
0.004219 0.400844 0.037975 0.037975 0.004219 0.021097 0.004219 0.004219 0.021097 0.004219 0.097046 0.004219 0.004219 0.350211 0.004219 
0.045267 0.111111 0.111111 0.086420 0.045267 0.152263 0.045267 0.012346 0.012346 0.086420 0.012346 0.020576 0.094650 0.152263 0.012346 
0.006289 0.006289 0.081761 0.056604 0.132075 0.006289 0.006289 0.119497 0.044025 0.194969 0.194969 0.006289 0.018868 0.006289 0.119497 
0.121387 0.028902 0.167630 0.017341 0.364162 0.017341 0.063584 0.028902 0.028902 0.017341 0.086705 0.028902 0.005780 0.005780 0.017341 
0.005587 0.273743 0.027933 0.016760 0.173184 0.072626 0.005587 0.005587 0.039106 0.005587 0.206704 0.050279 0.005587 0.106145 0.005587 
0.004367 0.161572 0.074236 0.082969 0.013100 0.021834 0.004367 0.004367 0.039301 0.021834 0.004367 0.117904 0.004367 0.222707 0.222707 
0.005291 0.301587 0.005291 0.026455 0.174603 0.132275 0.005291 0.100529 0.121693 0.005291 0.037037 0.005291 0.058201 0.015873 0.005291 
0.104972 0.038674 0.038674 0.049724 0.005525 0.049724 0.005525 0.016575 0.071823 0.215470 0.116022 0.016575 0.182320 0.016575 0.071823 
0.006711 0.020134 0.181208 0.006711 0.194631 0.194631 0.046980 0.006711 0.006711 0.020134 0.140940 0.140940 0.006711 0.020134 0.006711 
0.132275 0.132275 0.026455 0.005291 0.047619 0.026455 0.365079 0.026455 0.026455 0.026455 0.068783 0.005291 0.005291 0.089947 0.015873 
0.038251 0.038251 0.016393 0.016393 0.005464 0.027322 0.234973 0.005464 0.005464 0.005464 0.005464 0.016393 0.377049 0.092896 0.114754 
0.014085 0.314554 0.183099 0.004695 0.061033 0.004695 0.014085 0.042254 0.023474 0.042254 0.126761 0.032864 0.051643 0.014085 0.070423 
0.017751 0.526627 0.005917 0.017751 0.112426 0.005917 0.053254 0.005917 0.005917 0.053254 0.053254 0.088757 0.017751 0.005917 0.029586 
0.018634 0.204969 0.006211 0.043478 0.217391 0.006211 0.006211 0.031056 0.006211 0.006211 0.018634 0.018634 0.018634 0.180124 0.217391 
0.005236 0.298429 0.340314 0.005236 0.068063 0.005236 0.026178 0.005236 0.005236 0.005236 0.026178 0.099476 0.057592 0.047120 0.005236 
0.067358 0.253886 0.005181 0.005181 0.005181 0.036269 0.056995 0.005181 0.005181 0.005181 0.098446 0.015544 0.409326 0.025907 0.005181 
0.202186 0.049180 0.038251 0.005464 0.114754 0.005464 0.027322 0.092896 0.180328 0.016393 0.005464 0.016393 0.103825 0.038251 0.103825 
0.030303 0.030303 0.006061 0.333333 0.006061 0.103030 0.103030 0.006061 0.042424 0.127273 0.151515 0.030303 0.006061 0.018182 0.006061 
0.021277 0.021277 0.004255 0.217021 0.106383 0.063830 0.012766 0.012766 0.046809 0.004255 0.276596 0.004255 0.012766 0.038298 0.157447 
0.044335 0.162562 0.014778 0.073892 0.103448 0.014778 0.073892 0.014778 0.014778 0.024631 0.014778 0.004926 0.034483 0.280788 0.123153 
0.042945 0.239264 0.018405 0.006135 0.006135 0.030675 0.251534 0.116564 0.006135 0.190184 0.006135 0.006135 0.006135 0.006135 0.067485 
0.016216 0.037838 0.027027 0.037838 0.113514 0.048649 0.037838 0.048649 0.059459 0.210811 0.243243 0.005405 0.027027 0.037838 0.048649 
0.004926 0.211823 0.024631 0.014778 0.054187 0.093596 0.044335 0.004926 0.034483 0.014778 0.261084 0.073892 0.004926 0.152709 0.004926 
0.083004 0.003953 0.383399 0.003953 0.003953 0.075099 0.090909 0.027668 0.003953 0.003953 0.011858 0.011858 0.003953 0.162055 0.130435 
0.004785 0.435407 0.004785 0.062201 0.100478 0.004785 0.071770 0.004785 0.052632 0.043062 0.033493 0.062201 0.004785 0.004785 0.110048 
0.005650 0.129944 0.039548 0.050847 0.028249 0.028249 0.016949 0.107345 0.141243 0.107345 0.073446 0.062147 0.005650 0.197740 0.005650 
0.152000 0.088000 0.056000 0.024000 0.008000 0.040000 0.024000 0.072000 0.104000 0.008000 0.040000 0.168000 0.024000 0.024000 0.168000 
0.070270 0.329730 0.016216 0.005405 0.048649 0.124324 0.048649 0.016216 0.005405 0.027027 0.005405 0.200000 0.005405 0.091892 0.005405 
0.157895 0.017544 0.017544 0.005848 0.052632 0.029240 0.005848 0.005848 0.029240 0.005848 0.005848 0.029240 0.005848 0.309942 0.321637 
0.051429 0.131429 0.005714 0.017143 0.245714 0.005714 0.040000 0.051429 0.005714 0.074286 0.234286 0.017143 0.005714 0.097143 0.017143 
0.006711 0.006711 0.006711 0.114094 0.006711 0.181208 0.073826 0.020134 0.020134 0.006711 0.275168 0.127517 0.046980 0.046980 0.060403 
0.037657 0.012552 0.054393 0.020921 0.112971 0.138075 0.029289 0.046025 0.054393 0.079498 0.255230 0.029289 0.020921 0.012552 0.096234 
0.051429 0.268571 0.005714 0.005714 0.085714 0.062857 0.062857 0.074286 0.131429 0.017143 0.028571 0.085714 0.005714 0.108571 0.005714 
0.116022 0.071823 0.005525 0.005525 0.093923 0.038674 0.204420 0.193370 0.005525 0.016575 0.005525 0.127072 0.071823 0.005525 0.038674 
0.014778 0.172414 0.004926 0.014778 0.083744 0.034483 0.320197 0.093596 0.004926 0.024631 0.004926 0.073892 0.044335 0.014778 0.093596 
0.005525 0.160221 0.005525 0.027624 0.093923 0.005525 0.016575 0.082873 0.016575 0.093923 0.005525 0.016575 0.005525 0.303867 0.160221 
0.008000 0.376000 0.008000 0.008000 0.216000 0.088000 0.008000 0.008000 0.056000 0.088000 0.008000 0.008000 0.024000 0.088000 0.008000 
0.023622 0.070866 0.023622 0.149606 0.023622 0.086614 0.007874 0.086614 0.039370 0.023622 0.039370 0.133858 0.007874 0.007874 0.275591 
0.026738 0.101604 0.058824 0.005348 0.005348 0.005348 0.090909 0.016043 0.005348 0.058824 0.326203 0.176471 0.005348 0.112299 0.005348 
0.092896 0.016393 0.016393 0.005464 0.191257 0.016393 0.016393 0.005464 0.027322 0.027322 0.158470 0.005464 0.191257 0.049180 0.180328 
0.004525 0.230769 0.076923 0.013575 0.076923 0.104072 0.022624 0.013575 0.022624 0.067873 0.004525 0.285068 0.004525 0.058824 0.013575 
0.056604 0.207547 0.018868 0.044025 0.044025 0.006289 0.157233 0.006289 0.220126 0.069182 0.081761 0.006289 0.018868 0.006289 0.056604 
0.055319 0.072340 0.004255 0.055319 0.242553 0.004255 0.063830 0.012766 0.174468 0.004255 0.046809 0.038298 0.080851 0.004255 0.140426 
0.005848 0.450292 0.005848 0.064327 0.017544 0.052632 0.017544 0.017544 0.017544 0.122807 0.005848 0.076023 0.087719 0.005848 0.052632 
0.130435 0.008696 0.026087 0.165217 0.043478 0.026087 0.060870 0.095652 0.217391 0.060870 0.008696 0.078261 0.026087 0.008696 0.043478 
0.005650 0.175141 0.028249 0.096045 0.005650 0.016949 0.254237 0.005650 0.005650 0.050847 0.005650 0.231638 0.016949 0.005650 0.096045 
0.019355 0.122581 0.019355 0.032258 0.225806 0.032258 0.187097 0.251613 0.019355 0.019355 0.019355 0.006452 0.006452 0.006452 0.032258 
0.040650 0.008130 0.008130 0.008130 0.121951 0.008130 0.008130 0.024390 0.300813 0.040650 0.008130 0.252033 0.008130 0.073171 0.089431 
0.026087 0.008696 0.008696 0.060870 0.113043 0.113043 0.130435 0.008696 0.026087 0.026087 0.008696 0.391304 0.060870 0.008696 0.008696 
0.023256 0.116279 0.038760 0.038760 0.007752 0.116279 0.147287 0.007752 0.038760 0.023256 0.007752 0.286822 0.038760 0.085271 0.023256 
0.042017 0.042017 0.008403 0.042017 0.025210 0.277311 0.008403 0.008403 0.126050 0.008403 0.008403 0.344538 0.008403 0.008403 0.042017 
0.065089 0.005917 0.005917 0.029586 0.455621 0.029586 0.005917 0.005917 0.005917 0.053254 0.053254 0.041420 0.053254 0.183432 0.005917 
0.255814 0.038760 0.007752 0.007752 0.007752 0.007752 0.100775 0.007752 0.023256 0.069767 0.116279 0.209302 0.116279 0.023256 0.007752 
0.008000 0.056000 0.056000 0.008000 0.200000 0.008000 0.056000 0.008000 0.136000 0.024000 0.008000 0.328000 0.056000 0.008000 0.040000 
0.055838 0.015228 0.005076 0.177665 0.055838 0.137056 0.055838 0.167513 0.106599 0.005076 0.035533 0.137056 0.005076 0.005076 0.035533 
0.008130 0.024390 0.008130 0.008130 0.040650 0.040650 0.105691 0.008130 0.203252 0.008130 0.056911 0.430894 0.008130 0.040650 0.008130 
0.089005 0.015707 0.047120 0.005236 0.015707 0.109948 0.057592 0.047120 0.151832 0.015707 0.015707 0.099476 0.204188 0.047120 0.078534 
0.004184 0.012552 0.004184 0.230126 0.020921 0.054393 0.020921 0.029289 0.012552 0.112971 0.020921 0.112971 0.037657 0.171548 0.154812 
0.160221 0.027624 0.016575 0.005525 0.226519 0.005525 0.049724 0.060773 0.093923 0.060773 0.104972 0.005525 0.171271 0.005525 0.005525 
0.097046 0.021097 0.021097 0.012658 0.316456 0.021097 0.046414 0.012658 0.037975 0.004219 0.071730 0.088608 0.004219 0.004219 0.240506 
0.006803 0.006803 0.006803 0.006803 0.020408 0.020408 0.061224 0.047619 0.142857 0.006803 0.006803 0.346939 0.183673 0.115646 0.020408 
0.006211 0.006211 0.006211 0.018634 0.478261 0.018634 0.006211 0.018634 0.105590 0.192547 0.006211 0.043478 0.006211 0.018634 0.068323 
0.133758 0.121019 0.070064 0.006369 0.006369 0.006369 0.019108 0.031847 0.108280 0.006369 0.248408 0.095541 0.019108 0.121019 0.006369 
0.031447 0.106918 0.031447 0.031447 0.220126 0.081761 0.119497 0.006289 0.132075 0.119497 0.018868 0.018868 0.006289 0.018868 0.056604 
0.007407 0.096296 0.170370 0.066667 0.155556 0.244444 0.007407 0.007407 0.125926 0.007407 0.022222 0.066667 0.007407 0.007407 0.007407 
0.048276 0.172414 0.020690 0.020690 0.268966 0.117241 0.006897 0.006897 0.020690 0.020690 0.006897 0.006897 0.048276 0.048276 0.186207 
0.022556 0.127820 0.007519 0.007519 0.263158 0.022556 0.007519 0.022556 0.052632 0.127820 0.293233 0.007519 0.022556 0.007519 0.007519 
0.056604 0.006289 0.006289 0.044025 0.006289 0.106918 0.157233 0.006289 0.094340 0.106918 0.056604 0.169811 0.081761 0.031447 0.069182 
0.027624 0.016575 0.016575 0.138122 0.160221 0.038674 0.049724 0.071823 0.071823 0.038674 0.104972 0.138122 0.005525 0.104972 0.016575 
0.219251 0.048128 0.005348 0.005348 0.229947 0.026738 0.090909 0.026738 0.155080 0.016043 0.005348 0.112299 0.048128 0.005348 0.005348 
0.037594 0.142857 0.007519 0.067669 0.187970 0.007519 0.007519 0.007519 0.127820 0.187970 0.172932 0.022556 0.007519 0.007519 0.007519 
0.026549 0.008850 0.044248 0.008850 0.008850 0.044248 0.079646 0.079646 0.008850 0.079646 0.097345 0.469027 0.008850 0.026549 0.008850 
0.119497 0.006289 0.006289 0.018868 0.044025 0.006289 0.069182 0.006289 0.094340 0.106918 0.069182 0.132075 0.006289 0.257862 0.056604 
0.008000 0.008000 0.008000 0.008000 0.248000 0.072000 0.168000 0.008000 0.008000 0.168000 0.072000 0.152000 0.008000 0.040000 0.024000 
0.116022 0.016575 0.138122 0.093923 0.160221 0.027624 0.127072 0.060773 0.005525 0.005525 0.060773 0.138122 0.005525 0.027624 0.016575 
0.033557 0.020134 0.100671 0.033557 0.006711 0.006711 0.020134 0.046980 0.355705 0.087248 0.181208 0.087248 0.006711 0.006711 0.006711 
0.005587 0.072626 0.162011 0.005587 0.217877 0.005587 0.307263 0.005587 0.016760 0.039106 0.005587 0.005587 0.016760 0.072626 0.061453 
0.006993 0.006993 0.034965 0.006993 0.006993 0.020979 0.328671 0.006993 0.188811 0.006993 0.048951 0.132867 0.020979 0.160839 0.020979 
0.006897 0.020690 0.062069 0.062069 0.186207 0.006897 0.006897 0.006897 0.020690 0.006897 0.089655 0.200000 0.006897 0.282759 0.034483 
0.038760 0.023256 0.023256 0.023256 0.069767 0.023256 0.023256 0.023256 0.007752 0.286822 0.023256 0.178295 0.069767 0.162791 0.023256 
0.016393 0.005464 0.060109 0.081967 0.202186 0.180328 0.005464 0.027322 0.005464 0.038251 0.081967 0.158470 0.081967 0.005464 0.049180 
0.052632 0.028340 0.157895 0.182186 0.125506 0.028340 0.004049 0.012146 0.141700 0.068826 0.109312 0.036437 0.044534 0.004049 0.004049 
0.131783 0.007752 0.007752 0.023256 0.007752 0.007752 0.255814 0.023256 0.023256 0.178295 0.023256 0.007752 0.131783 0.038760 0.131783 
0.146919 0.175355 0.033175 0.042654 0.033175 0.023697 0.052133 0.014218 0.014218 0.023697 0.061611 0.004739 0.004739 0.308057 0.061611 
0.005236 0.120419 0.005236 0.005236 0.005236 0.036649 0.099476 0.068063 0.036649 0.005236 0.141361 0.109948 0.120419 0.204188 0.036649 
0.005714 0.051429 0.142857 0.040000 0.017143 0.051429 0.062857 0.005714 0.097143 0.142857 0.040000 0.040000 0.005714 0.005714 0.291429 
0.006061 0.309091 0.030303 0.006061 0.042424 0.103030 0.115152 0.006061 0.066667 0.090909 0.042424 0.006061 0.006061 0.139394 0.030303 
0.004566 0.086758 0.059361 0.077626 0.004566 0.041096 0.031963 0.086758 0.105023 0.114155 0.004566 0.123288 0.041096 0.050228 0.168950 
0.005025 0.346734 0.005025 0.065327 0.005025 0.055276 0.165829 0.035176 0.005025 0.005025 0.015075 0.065327 0.055276 0.105528 0.065327 
0.125683 0.027322 0.147541 0.049180 0.005464 0.016393 0.169399 0.027322 0.027322 0.027322 0.005464 0.016393 0.016393 0.016393 0.322404 
0.057592 0.026178 0.277487 0.047120 0.057592 0.089005 0.057592 0.078534 0.005236 0.068063 0.141361 0.005236 0.005236 0.026178 0.057592 
0.006135 0.361963 0.006135 0.092025 0.141104 0.006135 0.030675 0.030675 0.006135 0.128834 0.006135 0.006135 0.018405 0.153374 0.006135 
0.007194 0.050360 0.107914 0.007194 0.309353 0.050360 0.007194 0.107914 0.107914 0.021583 0.021583 0.021583 0.007194 0.151079 0.021583 
0.132075 0.006289 0.006289 0.044025 0.006289 0.018868 0.094340 0.006289 0.081761 0.320755 0.006289 0.094340 0.018868 0.006289 0.157233 
0.181395 0.153488 0.004651 0.060465 0.097674 0.060465 0.162791 0.004651 0.051163 0.013953 0.004651 0.041860 0.041860 0.069767 0.051163 
0.037037 0.051852 0.051852 0.037037 0.051852 0.007407 0.244444 0.022222 0.096296 0.022222 0.007407 0.096296 0.007407 0.200000 0.066667 
0.187166 0.048128 0.122995 0.026738 0.005348 0.026738 0.069519 0.005348 0.187166 0.037433 0.005348 0.048128 0.155080 0.037433 0.037433 
0.028340 0.060729 0.060729 0.004049 0.028340 0.052632 0.206478 0.004049 0.093117 0.125506 0.174089 0.004049 0.020243 0.076923 0.060729 
0.016043 0.005348 0.005348 0.155080 0.112299 0.048128 0.112299 0.026738 0.037433 0.005348 0.005348 0.155080 0.005348 0.294118 0.016043 
0.007407 0.155556 0.007407 0.007407 0.214815 0.007407 0.081481 0.125926 0.066667 0.125926 0.037037 0.096296 0.007407 0.037037 0.022222 
0.130435 0.101449 0.082126 0.188406 0.082126 0.033816 0.053140 0.004831 0.014493 0.043478 0.004831 0.053140 0.111111 0.004831 0.091787 
0.033557 0.006711 0.033557 0.006711 0.409396 0.006711 0.006711 0.006711 0.073826 0.167785 0.020134 0.033557 0.073826 0.006711 0.114094 
0.034826 0.004975 0.014925 0.024876 0.134328 0.004975 0.064677 0.004975 0.462687 0.014925 0.014925 0.064677 0.004975 0.054726 0.094527 
0.005988 0.017964 0.185629 0.017964 0.077844 0.077844 0.005988 0.005988 0.041916 0.161677 0.017964 0.029940 0.161677 0.113772 0.077844 
0.035897 0.025641 0.005128 0.087179 0.241026 0.005128 0.158974 0.015385 0.046154 0.179487 0.005128 0.128205 0.056410 0.005128 0.005128 
0.046154 0.005128 0.025641 0.005128 0.179487 0.066667 0.046154 0.005128 0.005128 0.117949 0.005128 0.015385 0.169231 0.169231 0.138462 
0.030837 0.039648 0.198238 0.004405 0.136564 0.030837 0.083700 0.004405 0.030837 0.092511 0.136564 0.004405 0.004405 0.004405 0.198238 
0.163121 0.007092 0.021277 0.049645 0.092199 0.021277 0.191489 0.007092 0.304965 0.021277 0.007092 0.007092 0.021277 0.007092 0.078014 
0.035971 0.007194 0.007194 0.050360 0.597122 0.064748 0.122302 0.035971 0.007194 0.007194 0.035971 0.007194 0.007194 0.007194 0.007194 
0.008000 0.040000 0.024000 0.008000 0.040000 0.040000 0.136000 0.008000 0.232000 0.008000 0.008000 0.296000 0.024000 0.104000 0.024000 
0.006452 0.006452 0.109677 0.006452 0.032258 0.019355 0.109677 0.096774 0.019355 0.174194 0.019355 0.251613 0.019355 0.122581 0.006452 
0.038674 0.071823 0.038674 0.005525 0.237569 0.049724 0.005525 0.005525 0.060773 0.127072 0.116022 0.027624 0.038674 0.005525 0.171271 
0.058824 0.006536 0.111111 0.032680 0.215686 0.098039 0.006536 0.006536 0.150327 0.006536 0.137255 0.058824 0.006536 0.058824 0.045752 
0.283422 0.122995 0.133690 0.005348 0.005348 0.080214 0.122995 0.016043 0.005348 0.005348 0.005348 0.133690 0.069519 0.005348 0.005348 
0.089431 0.089431 0.008130 0.008130 0.186992 0.105691 0.268293 0.008130 0.008130 0.008130 0.073171 0.008130 0.073171 0.008130 0.056911 
0.006135 0.141104 0.018405 0.079755 0.141104 0.177914 0.141104 0.006135 0.018405 0.006135 0.042945 0.006135 0.006135 0.177914 0.030675 
0.006061 0.018182 0.030303 0.187879 0.054545 0.078788 0.006061 0.042424 0.042424 0.006061 0.018182 0.345455 0.006061 0.006061 0.151515 
0.028902 0.341040 0.028902 0.028902 0.052023 0.005780 0.098266 0.005780 0.190751 0.086705 0.005780 0.040462 0.040462 0.005780 0.040462 
0.127072 0.093923 0.016575 0.071823 0.193370 0.005525 0.226519 0.016575 0.049724 0.049724 0.016575 0.049724 0.016575 0.027624 0.038674 
0.005988 0.005988 0.029940 0.005988 0.281437 0.029940 0.089820 0.017964 0.005988 0.065868 0.005988 0.137725 0.005988 0.245509 0.065868 
0.071895 0.032680 0.032680 0.058824 0.254902 0.019608 0.006536 0.045752 0.084967 0.098039 0.006536 0.032680 0.006536 0.228758 0.019608 
0.030675 0.030675 0.006135 0.092025 0.263804 0.006135 0.018405 0.092025 0.006135 0.165644 0.018405 0.141104 0.006135 0.104294 0.018405 
0.006711 0.006711 0.087248 0.087248 0.167785 0.006711 0.167785 0.006711 0.006711 0.127517 0.020134 0.033557 0.006711 0.194631 0.073826 
0.081481 0.007407 0.007407 0.170370 0.111111 0.155556 0.007407 0.007407 0.111111 0.125926 0.007407 0.066667 0.007407 0.007407 0.125926 
0.005650 0.039548 0.107345 0.039548 0.073446 0.005650 0.163842 0.005650 0.028249 0.096045 0.005650 0.276836 0.118644 0.016949 0.016949 
0.006369 0.019108 0.006369 0.006369 0.108280 0.108280 0.146497 0.006369 0.095541 0.006369 0.210191 0.248408 0.006369 0.006369 0.019108 
0.107345 0.039548 0.062147 0.005650 0.005650 0.016949 0.276836 0.005650 0.005650 0.197740 0.005650 0.118644 0.005650 0.073446 0.073446 
0.058824 0.006536 0.176471 0.006536 0.281046 0.006536 0.006536 0.071895 0.058824 0.084967 0.019608 0.032680 0.032680 0.137255 0.019608 
0.099338 0.059603 0.006623 0.072848 0.006623 0.033113 0.059603 0.046358 0.033113 0.033113 0.019868 0.364238 0.046358 0.059603 0.059603 
0.081761 0.018868 0.044025 0.069182 0.157233 0.006289 0.069182 0.006289 0.018868 0.056604 0.056604 0.245283 0.056604 0.106918 0.006289 
0.104972 0.027624 0.082873 0.093923 0.226519 0.005525 0.005525 0.016575 0.016575 0.027624 0.005525 0.104972 0.049724 0.226519 0.005525 
0.200000 0.072340 0.038298 0.242553 0.234043 0.004255 0.021277 0.055319 0.004255 0.004255 0.046809 0.021277 0.012766 0.029787 0.012766 
0.021583 0.064748 0.050360 0.050360 0.122302 0.050360 0.007194 0.007194 0.050360 0.021583 0.007194 0.208633 0.021583 0.309353 0.007194 
0.082707 0.007519 0.022556 0.007519 0.067669 0.007519 0.263158 0.052632 0.112782 0.052632 0.007519 0.203008 0.007519 0.067669 0.037594 
0.191489 0.148936 0.007092 0.007092 0.460993 0.007092 0.007092 0.007092 0.007092 0.035461 0.007092 0.021277 0.063830 0.007092 0.021277 
0.005025 0.015075 0.125628 0.065327 0.195980 0.005025 0.015075 0.025126 0.035176 0.155779 0.005025 0.105528 0.095477 0.075377 0.075377 
0.018868 0.094340 0.006289 0.044025 0.044025 0.031447 0.169811 0.018868 0.044025 0.006289 0.044025 0.006289 0.132075 0.333333 0.006289 
0.019608 0.071895 0.006536 0.006536 0.150327 0.045752 0.215686 0.032680 0.006536 0.084967 0.019608 0.150327 0.019608 0.137255 0.032680 
0.016043 0.026738 0.069519 0.016043 0.048128 0.262032 0.048128 0.048128 0.016043 0.005348 0.005348 0.122995 0.005348 0.304813 0.005348 
0.005917 0.029586 0.218935 0.005917 0.230769 0.005917 0.088757 0.029586 0.041420 0.029586 0.017751 0.171598 0.076923 0.005917 0.041420 
0.061453 0.184358 0.027933 0.106145 0.106145 0.027933 0.027933 0.005587 0.005587 0.072626 0.094972 0.173184 0.016760 0.072626 0.016760 
0.023041 0.004608 0.188940 0.152074 0.059908 0.069124 0.124424 0.004608 0.105991 0.050691 0.004608 0.142857 0.059908 0.004608 0.004608 
0.006711 0.020134 0.006711 0.167785 0.020134 0.006711 0.154362 0.006711 0.154362 0.033557 0.020134 0.154362 0.006711 0.234899 0.006711 
0.020690 0.006897 0.034483 0.020690 0.006897 0.020690 0.048276 0.103448 0.020690 0.034483 0.034483 0.462069 0.006897 0.144828 0.034483 
0.016760 0.005587 0.027933 0.005587 0.441341 0.005587 0.229050 0.005587 0.005587 0.039106 0.016760 0.117318 0.016760 0.061453 0.005587 
0.114428 0.034826 0.034826 0.104478 0.034826 0.004975 0.164179 0.114428 0.004975 0.004975 0.014925 0.144279 0.014925 0.114428 0.094527 
0.139394 0.054545 0.200000 0.030303 0.090909 0.078788 0.006061 0.042424 0.006061 0.078788 0.006061 0.103030 0.090909 0.054545 0.018182 
0.006211 0.130435 0.018634 0.006211 0.167702 0.031056 0.204969 0.043478 0.006211 0.006211 0.006211 0.180124 0.006211 0.055901 0.130435 
0.007194 0.208633 0.208633 0.007194 0.122302 0.079137 0.064748 0.007194 0.107914 0.021583 0.007194 0.021583 0.021583 0.093525 0.021583 
0.007634 0.007634 0.007634 0.007634 0.022901 0.007634 0.007634 0.022901 0.007634 0.267176 0.053435 0.129771 0.221374 0.145038 0.083969 
0.122302 0.021583 0.021583 0.007194 0.007194 0.007194 0.007194 0.035971 0.021583 0.136691 0.007194 0.251799 0.007194 0.064748 0.280576 
0.004405 0.154185 0.048458 0.154185 0.066079 0.030837 0.013216 0.083700 0.039648 0.048458 0.004405 0.083700 0.013216 0.004405 0.251101 
0.006135 0.042945 0.374233 0.055215 0.018405 0.006135 0.006135 0.055215 0.214724 0.006135 0.006135 0.165644 0.030675 0.006135 0.006135 
0.020408 0.034014 0.006803 0.006803 0.197279 0.006803 0.061224 0.020408 0.034014 0.006803 0.006803 0.074830 0.292517 0.142857 0.088435 
0.100592 0.005917 0.065089 0.005917 0.017751 0.041420 0.112426 0.029586 0.053254 0.005917 0.005917 0.076923 0.100592 0.372781 0.005917 
0.304348 0.014493 0.043478 0.033816 0.033816 0.004831 0.033816 0.004831 0.178744 0.024155 0.053140 0.004831 0.004831 0.236715 0.024155 
0.094972 0.016760 0.050279 0.150838 0.173184 0.061453 0.061453 0.027933 0.016760 0.005587 0.005587 0.061453 0.083799 0.094972 0.094972 
0.216374 0.087719 0.005848 0.005848 0.029240 0.029240 0.134503 0.005848 0.099415 0.040936 0.005848 0.134503 0.005848 0.157895 0.040936 
0.045161 0.006452 0.019355 0.019355 0.045161 0.096774 0.058065 0.006452 0.070968 0.070968 0.032258 0.174194 0.019355 0.122581 0.212903 
0.055276 0.125628 0.015075 0.135678 0.025126 0.005025 0.105528 0.105528 0.005025 0.015075 0.055276 0.276382 0.015075 0.005025 0.055276 
0.075556 0.066667 0.004444 0.084444 0.120000 0.004444 0.128889 0.013333 0.040000 0.022222 0.004444 0.004444 0.004444 0.413333 0.013333 
0.005780 0.098266 0.005780 0.144509 0.005780 0.005780 0.017341 0.017341 0.225434 0.052023 0.040462 0.063584 0.005780 0.225434 0.086705 
0.082873 0.016575 0.049724 0.071823 0.259669 0.005525 0.016575 0.005525 0.226519 0.016575 0.027624 0.027624 0.016575 0.171271 0.005525 
0.007407 0.051852 0.007407 0.200000 0.081481 0.022222 0.140741 0.051852 0.229630 0.007407 0.037037 0.066667 0.037037 0.051852 0.007407 
0.146667 0.013333 0.084444 0.004444 0.066667 0.128889 0.191111 0.004444 0.004444 0.004444 0.013333 0.013333 0.004444 0.297778 0.022222 
0.005181 0.025907 0.005181 0.088083 0.129534 0.015544 0.015544 0.108808 0.015544 0.005181 0.088083 0.212435 0.025907 0.253886 0.005181 
0.006711 0.006711 0.006711 0.033557 0.194631 0.006711 0.006711 0.020134 0.328859 0.221477 0.020134 0.046980 0.006711 0.006711 0.087248 
0.005525 0.005525 0.104972 0.104972 0.193370 0.016575 0.281768 0.116022 0.016575 0.049724 0.005525 0.082873 0.005525 0.005525 0.005525 
0.078788 0.006061 0.006061 0.090909 0.054545 0.078788 0.042424 0.030303 0.006061 0.054545 0.006061 0.309091 0.163636 0.054545 0.018182 
0.078788 0.066667 0.042424 0.018182 0.248485 0.006061 0.103030 0.006061 0.018182 0.006061 0.078788 0.175758 0.090909 0.018182 0.042424 
0.045161 0.006452 0.006452 0.019355 0.096774 0.045161 0.303226 0.045161 0.032258 0.006452 0.006452 0.161290 0.006452 0.187097 0.032258 
0.013333 0.084444 0.155556 0.066667 0.004444 0.022222 0.004444 0.004444 0.066667 0.031111 0.120000 0.271111 0.075556 0.075556 0.004444 
0.006536 0.019608 0.006536 0.006536 0.045752 0.150327 0.032680 0.019608 0.084967 0.032680 0.045752 0.281046 0.006536 0.254902 0.006536 
0.055118 0.007874 0.118110 0.023622 0.039370 0.023622 0.039370 0.007874 0.039370 0.007874 0.039370 0.480315 0.007874 0.055118 0.055118 
0.024000 0.008000 0.008000 0.072000 0.376000 0.008000 0.008000 0.008000 0.008000 0.008000 0.024000 0.216000 0.088000 0.008000 0.136000 
0.005291 0.238095 0.026455 0.005291 0.280423 0.005291 0.005291 0.015873 0.089947 0.037037 0.089947 0.068783 0.005291 0.058201 0.068783 
0.106599 0.055838 0.005076 0.076142 0.157360 0.137056 0.045685 0.005076 0.035533 0.055838 0.106599 0.015228 0.005076 0.187817 0.005076 
0.007519 0.007519 0.007519 0.052632 0.398496 0.142857 0.022556 0.067669 0.007519 0.007519 0.037594 0.007519 0.022556 0.157895 0.052632 
0.134694 0.061224 0.102041 0.004082 0.004082 0.004082 0.053061 0.004082 0.004082 0.020408 0.069388 0.053061 0.004082 0.371429 0.110204 
0.159236 0.006369 0.006369 0.044586 0.006369 0.006369 0.146497 0.031847 0.019108 0.146497 0.006369 0.222930 0.019108 0.133758 0.044586 
0.043825 0.003984 0.370518 0.011952 0.011952 0.011952 0.067729 0.003984 0.035857 0.027888 0.003984 0.139442 0.211155 0.003984 0.051793 
0.018634 0.006211 0.105590 0.006211 0.242236 0.055901 0.055901 0.006211 0.006211 0.006211 0.043478 0.267081 0.031056 0.068323 0.080745 
0.021834 0.048035 0.004367 0.126638 0.004367 0.117904 0.091703 0.074236 0.056769 0.074236 0.109170 0.030568 0.144105 0.004367 0.091703 
0.040000 0.008000 0.120000 0.008000 0.056000 0.008000 0.136000 0.008000 0.040000 0.024000 0.040000 0.472000 0.024000 0.008000 0.008000 
0.128492 0.251397 0.016760 0.027933 0.072626 0.027933 0.005587 0.083799 0.005587 0.050279 0.150838 0.139665 0.016760 0.016760 0.005587 
0.055838 0.005076 0.309645 0.005076 0.005076 0.096447 0.147208 0.035533 0.005076 0.015228 0.055838 0.126904 0.076142 0.055838 0.005076 
0.178378 0.070270 0.210811 0.027027 0.210811 0.048649 0.016216 0.005405 0.027027 0.037838 0.037838 0.005405 0.059459 0.048649 0.016216 
0.080851 0.004255 0.004255 0.004255 0.114894 0.148936 0.038298 0.046809 0.012766 0.123404 0.157447 0.004255 0.029787 0.165957 0.063830 
0.005988 0.029940 0.197605 0.017964 0.077844 0.065868 0.029940 0.005988 0.089820 0.005988 0.185629 0.161677 0.113772 0.005988 0.005988 
0.060870 0.095652 0.008696 0.008696 0.130435 0.008696 0.147826 0.008696 0.026087 0.200000 0.026087 0.147826 0.008696 0.026087 0.095652 
0.072464 0.227053 0.024155 0.043478 0.062802 0.014493 0.004831 0.014493 0.014493 0.149758 0.072464 0.101449 0.033816 0.130435 0.033816 
0.083799 0.072626 0.005587 0.128492 0.027933 0.027933 0.016760 0.027933 0.016760 0.217877 0.072626 0.106145 0.039106 0.072626 0.083799 
0.035533 0.116751 0.005076 0.015228 0.086294 0.065990 0.005076 0.035533 0.035533 0.005076 0.045685 0.197970 0.065990 0.177665 0.106599 
0.185185 0.142857 0.089947 0.005291 0.005291 0.026455 0.005291 0.068783 0.015873 0.005291 0.142857 0.058201 0.185185 0.058201 0.005291 
0.190751 0.052023 0.005780 0.017341 0.109827 0.052023 0.005780 0.005780 0.005780 0.005780 0.063584 0.156069 0.283237 0.040462 0.005780 
0.267016 0.099476 0.068063 0.057592 0.089005 0.005236 0.078534 0.005236 0.047120 0.026178 0.005236 0.036649 0.005236 0.204188 0.005236 
0.234899 0.006711 0.033557 0.140940 0.114094 0.006711 0.006711 0.020134 0.100671 0.127517 0.006711 0.167785 0.020134 0.006711 0.006711 
0.025381 0.086294 0.025381 0.096447 0.441624 0.005076 0.086294 0.005076 0.005076 0.147208 0.005076 0.055838 0.005076 0.005076 0.005076 
0.062857 0.085714 0.142857 0.051429 0.188571 0.005714 0.040000 0.120000 0.005714 0.222857 0.028571 0.005714 0.005714 0.005714 0.028571 
0.016216 0.221622 0.027027 0.005405 0.113514 0.005405 0.005405 0.027027 0.016216 0.037838 0.005405 0.135135 0.135135 0.005405 0.243243 
0.006061 0.006061 0.224242 0.006061 0.006061 0.030303 0.006061 0.006061 0.006061 0.006061 0.066667 0.333333 0.248485 0.006061 0.042424 
0.068783 0.259259 0.015873 0.005291 0.005291 0.100529 0.005291 0.005291 0.037037 0.015873 0.015873 0.206349 0.026455 0.227513 0.005291 
0.029240 0.017544 0.052632 0.005848 0.087719 0.029240 0.076023 0.052632 0.111111 0.017544 0.040936 0.005848 0.076023 0.017544 0.380117 
0.062802 0.140097 0.082126 0.169082 0.140097 0.004831 0.014493 0.004831 0.014493 0.004831 0.004831 0.111111 0.053140 0.178744 0.014493 
0.020408 0.088435 0.170068 0.006803 0.183673 0.034014 0.006803 0.006803 0.006803 0.047619 0.006803 0.224490 0.074830 0.020408 0.102041 
0.217391 0.095652 0.008696 0.008696 0.008696 0.060870 0.060870 0.095652 0.026087 0.078261 0.026087 0.217391 0.026087 0.043478 0.026087 
0.057851 0.090909 0.008264 0.008264 0.239669 0.008264 0.008264 0.008264 0.057851 0.008264 0.074380 0.289256 0.008264 0.041322 0.090909 
0.065327 0.185930 0.095477 0.015075 0.055276 0.005025 0.015075 0.005025 0.045226 0.065327 0.025126 0.095477 0.025126 0.095477 0.206030 
0.006061 0.103030 0.103030 0.006061 0.042424 0.018182 0.163636 0.006061 0.066667 0.018182 0.006061 0.175758 0.042424 0.187879 0.054545 
