0.221757 0.171548 0.096234 0.179916 0.037657 0.004184 0.004184 0.004184 0.004184 0.004184 0.012552 0.004184 0.012552 0.046025 0.196653 
0.013575 0.248869 0.004525 0.004525 0.004525 0.049774 0.004525 0.085973 0.158371 0.031674 0.104072 0.004525 0.031674 0.221719 0.031674 
0.004367 0.318777 0.213974 0.030568 0.004367 0.030568 0.004367 0.013100 0.100437 0.056769 0.100437 0.048035 0.013100 0.039301 0.021834 
0.025381 0.228426 0.035533 0.025381 0.005076 0.005076 0.005076 0.086294 0.086294 0.065990 0.025381 0.005076 0.086294 0.116751 0.197970 
0.018315 0.260073 0.025641 0.164835 0.003663 0.076923 0.018315 0.018315 0.106227 0.003663 0.142857 0.003663 0.018315 0.084249 0.054945 
0.004739 0.137441 0.023697 0.023697 0.071090 0.014218 0.014218 0.023697 0.071090 0.042654 0.080569 0.109005 0.023697 0.033175 0.327014 
0.154812 0.129707 0.330544 0.054393 0.004184 0.037657 0.004184 0.004184 0.004184 0.037657 0.054393 0.004184 0.004184 0.054393 0.121339 
0.015228 0.431472 0.025381 0.055838 0.005076 0.005076 0.005076 0.005076 0.015228 0.035533 0.147208 0.065990 0.076142 0.005076 0.106599 
0.062762 0.472803 0.004184 0.012552 0.012552 0.012552 0.012552 0.004184 0.087866 0.096234 0.154812 0.020921 0.004184 0.004184 0.037657 
0.006536 0.555556 0.006536 0.019608 0.019608 0.006536 0.019608 0.019608 0.071895 0.058824 0.006536 0.006536 0.163399 0.019608 0.019608 
0.004115 0.168724 0.193416 0.407407 0.020576 0.004115 0.004115 0.078189 0.004115 0.069959 0.012346 0.020576 0.004115 0.004115 0.004115 
0.012552 0.121339 0.280335 0.112971 0.037657 0.071130 0.012552 0.012552 0.012552 0.029289 0.020921 0.004184 0.071130 0.062762 0.138075 
0.095477 0.065327 0.055276 0.005025 0.005025 0.005025 0.005025 0.035176 0.185930 0.105528 0.015075 0.095477 0.065327 0.105528 0.155779 
0.004651 0.265116 0.134884 0.125581 0.041860 0.004651 0.032558 0.079070 0.032558 0.004651 0.088372 0.041860 0.004651 0.051163 0.088372 
0.010381 0.287197 0.003460 0.017301 0.010381 0.003460 0.058824 0.003460 0.072664 0.003460 0.024221 0.024221 0.010381 0.245675 0.224913 
0.032258 0.235023 0.142857 0.004608 0.004608 0.096774 0.004608 0.004608 0.050691 0.013825 0.142857 0.023041 0.041475 0.198157 0.004608 
0.171806 0.004405 0.215859 0.004405 0.030837 0.004405 0.004405 0.004405 0.030837 0.110132 0.013216 0.004405 0.083700 0.074890 0.242291 
0.003663 0.245421 0.311355 0.069597 0.018315 0.032967 0.054945 0.025641 0.032967 0.040293 0.076923 0.018315 0.003663 0.062271 0.003663 
0.003717 0.137546 0.063197 0.003717 0.003717 0.033457 0.011152 0.078067 0.040892 0.070632 0.011152 0.003717 0.026022 0.122677 0.390335 
0.003891 0.011673 0.291829 0.003891 0.027237 0.003891 0.003891 0.042802 0.066148 0.027237 0.011673 0.035019 0.027237 0.214008 0.229572 
0.006623 0.364238 0.006623 0.006623 0.006623 0.086093 0.006623 0.006623 0.019868 0.033113 0.006623 0.006623 0.006623 0.059603 0.377483 
0.053140 0.159420 0.217391 0.014493 0.062802 0.004831 0.120773 0.004831 0.004831 0.024155 0.004831 0.014493 0.004831 0.053140 0.256039 
0.013216 0.048458 0.242291 0.004405 0.004405 0.004405 0.048458 0.101322 0.013216 0.004405 0.083700 0.004405 0.092511 0.286344 0.048458 
0.055215 0.165644 0.006135 0.006135 0.006135 0.055215 0.128834 0.018405 0.018405 0.006135 0.006135 0.116564 0.042945 0.128834 0.239264 
0.037838 0.243243 0.005405 0.005405 0.005405 0.070270 0.059459 0.005405 0.059459 0.145946 0.005405 0.081081 0.016216 0.005405 0.254054 
0.005076 0.309645 0.005076 0.035533 0.025381 0.055838 0.005076 0.005076 0.015228 0.025381 0.055838 0.015228 0.015228 0.005076 0.421320 
0.045267 0.267490 0.094650 0.004115 0.004115 0.004115 0.020576 0.012346 0.020576 0.144033 0.069959 0.020576 0.012346 0.259259 0.020576 
0.033962 0.237736 0.139623 0.124528 0.086792 0.003774 0.003774 0.003774 0.003774 0.139623 0.139623 0.064151 0.003774 0.003774 0.011321 
0.002597 0.189610 0.174026 0.132468 0.002597 0.002597 0.007792 0.038961 0.002597 0.002597 0.210390 0.018182 0.012987 0.137662 0.064935 
0.041825 0.019011 0.003802 0.277567 0.057034 0.003802 0.019011 0.155894 0.034221 0.003802 0.003802 0.049430 0.026616 0.171103 0.133080 
0.017143 0.268571 0.017143 0.005714 0.017143 0.051429 0.005714 0.051429 0.005714 0.017143 0.005714 0.040000 0.005714 0.188571 0.302857 
0.004831 0.333333 0.024155 0.004831 0.024155 0.072464 0.004831 0.024155 0.043478 0.004831 0.014493 0.004831 0.004831 0.342995 0.091787 
0.038674 0.160221 0.005525 0.005525 0.016575 0.016575 0.005525 0.049724 0.049724 0.082873 0.193370 0.027624 0.005525 0.337017 0.005525 
0.006623 0.364238 0.019868 0.006623 0.019868 0.006623 0.046358 0.006623 0.019868 0.019868 0.046358 0.046358 0.059603 0.099338 0.231788 
0.015544 0.202073 0.212435 0.005181 0.077720 0.005181 0.036269 0.005181 0.015544 0.036269 0.139896 0.119171 0.005181 0.108808 0.015544 
0.006061 0.490909 0.200000 0.018182 0.006061 0.042424 0.006061 0.103030 0.006061 0.042424 0.006061 0.018182 0.018182 0.030303 0.006061 
0.156627 0.108434 0.108434 0.036145 0.004016 0.004016 0.004016 0.124498 0.004016 0.068273 0.076305 0.012048 0.036145 0.132530 0.124498 
0.014925 0.502488 0.014925 0.014925 0.004975 0.004975 0.014925 0.004975 0.024876 0.024876 0.014925 0.054726 0.014925 0.124378 0.164179 
0.038251 0.475410 0.005464 0.016393 0.016393 0.005464 0.005464 0.103825 0.016393 0.092896 0.005464 0.027322 0.005464 0.169399 0.016393 
0.003745 0.131086 0.378277 0.011236 0.011236 0.003745 0.003745 0.003745 0.041199 0.003745 0.093633 0.003745 0.123596 0.146067 0.041199 
0.014164 0.252125 0.297450 0.008499 0.008499 0.014164 0.002833 0.070822 0.002833 0.002833 0.002833 0.002833 0.121813 0.042493 0.155807 
0.003717 0.315985 0.092937 0.003717 0.003717 0.115242 0.003717 0.003717 0.033457 0.003717 0.026022 0.003717 0.011152 0.122677 0.256506 
0.004975 0.223881 0.004975 0.014925 0.024876 0.124378 0.024876 0.064677 0.024876 0.004975 0.004975 0.004975 0.034826 0.144279 0.293532 
0.014925 0.014925 0.313433 0.064677 0.104478 0.004975 0.004975 0.004975 0.064677 0.014925 0.004975 0.104478 0.024876 0.243781 0.014925 
0.112583 0.086093 0.006623 0.033113 0.086093 0.006623 0.112583 0.072848 0.139073 0.006623 0.006623 0.006623 0.086093 0.152318 0.086093 
0.016393 0.169399 0.027322 0.038251 0.005464 0.158470 0.005464 0.136612 0.038251 0.016393 0.027322 0.016393 0.081967 0.005464 0.256831 
0.100478 0.502392 0.014354 0.052632 0.052632 0.033493 0.023923 0.052632 0.014354 0.043062 0.004785 0.004785 0.090909 0.004785 0.004785 
0.243781 0.194030 0.164179 0.034826 0.004975 0.004975 0.004975 0.004975 0.104478 0.094527 0.084577 0.004975 0.014925 0.004975 0.034826 
0.003984 0.163347 0.195219 0.035857 0.075697 0.035857 0.003984 0.003984 0.011952 0.051793 0.067729 0.003984 0.027888 0.235060 0.083665 
0.022422 0.363229 0.013453 0.013453 0.004484 0.031390 0.013453 0.094170 0.004484 0.058296 0.130045 0.022422 0.183857 0.022422 0.022422 
0.014493 0.381643 0.033816 0.207729 0.004831 0.024155 0.014493 0.043478 0.024155 0.111111 0.024155 0.024155 0.043478 0.024155 0.024155 
0.004184 0.121339 0.238494 0.004184 0.012552 0.004184 0.004184 0.037657 0.046025 0.004184 0.054393 0.138075 0.004184 0.171548 0.154812 
0.004651 0.395349 0.097674 0.013953 0.032558 0.004651 0.023256 0.004651 0.069767 0.004651 0.079070 0.069767 0.041860 0.004651 0.153488 
0.006289 0.320755 0.006289 0.056604 0.044025 0.018868 0.006289 0.106918 0.031447 0.018868 0.044025 0.006289 0.044025 0.144654 0.144654 
0.005236 0.089005 0.036649 0.005236 0.015707 0.026178 0.005236 0.026178 0.026178 0.036649 0.015707 0.015707 0.162304 0.151832 0.382199 
0.005076 0.360406 0.177665 0.005076 0.005076 0.015228 0.045685 0.065990 0.015228 0.005076 0.015228 0.228426 0.005076 0.015228 0.035533 
0.003774 0.064151 0.109434 0.018868 0.041509 0.056604 0.252830 0.018868 0.003774 0.086792 0.003774 0.003774 0.049057 0.018868 0.267925 
0.020921 0.330544 0.012552 0.096234 0.004184 0.104603 0.062762 0.004184 0.004184 0.004184 0.188285 0.012552 0.004184 0.087866 0.062762 
0.082873 0.005525 0.049724 0.016575 0.071823 0.005525 0.149171 0.049724 0.005525 0.005525 0.016575 0.071823 0.116022 0.005525 0.348066 
0.005650 0.254237 0.050847 0.028249 0.141243 0.016949 0.005650 0.005650 0.016949 0.118644 0.050847 0.005650 0.005650 0.005650 0.288136 
0.052632 0.251462 0.005848 0.005848 0.005848 0.005848 0.029240 0.029240 0.309942 0.087719 0.076023 0.005848 0.005848 0.122807 0.005848 
0.008219 0.413699 0.134247 0.008219 0.008219 0.041096 0.002740 0.008219 0.002740 0.095890 0.008219 0.013699 0.041096 0.210959 0.002740 
0.005988 0.017964 0.077844 0.257485 0.113772 0.005988 0.017964 0.029940 0.053892 0.005988 0.005988 0.017964 0.065868 0.005988 0.317365 
0.007092 0.361702 0.092199 0.148936 0.049645 0.120567 0.049645 0.007092 0.007092 0.092199 0.021277 0.007092 0.007092 0.007092 0.021277 
0.005714 0.565714 0.028571 0.051429 0.005714 0.005714 0.005714 0.085714 0.017143 0.005714 0.005714 0.005714 0.028571 0.005714 0.177143 
0.006369 0.426752 0.133758 0.006369 0.006369 0.184713 0.031847 0.006369 0.006369 0.082803 0.006369 0.044586 0.044586 0.006369 0.006369 
0.067729 0.123506 0.019920 0.011952 0.011952 0.099602 0.155378 0.003984 0.035857 0.035857 0.227092 0.003984 0.003984 0.147410 0.051793 
0.005587 0.452514 0.251397 0.027933 0.027933 0.083799 0.016760 0.016760 0.005587 0.005587 0.016760 0.005587 0.050279 0.027933 0.005587 
0.019157 0.287356 0.126437 0.187739 0.003831 0.003831 0.003831 0.003831 0.019157 0.149425 0.034483 0.003831 0.003831 0.026820 0.126437 
0.010033 0.063545 0.130435 0.003344 0.043478 0.003344 0.003344 0.056856 0.016722 0.003344 0.311037 0.016722 0.010033 0.003344 0.324415 
0.004115 0.267490 0.127572 0.012346 0.004115 0.028807 0.004115 0.004115 0.078189 0.012346 0.012346 0.053498 0.020576 0.004115 0.366255 
0.146245 0.177866 0.162055 0.019763 0.003953 0.003953 0.011858 0.011858 0.003953 0.003953 0.035573 0.011858 0.035573 0.209486 0.162055 
0.015873 0.174603 0.005291 0.026455 0.005291 0.026455 0.015873 0.026455 0.153439 0.005291 0.111111 0.015873 0.005291 0.185185 0.227513 
0.066148 0.159533 0.120623 0.011673 0.019455 0.003891 0.042802 0.003891 0.035019 0.252918 0.120623 0.027237 0.011673 0.042802 0.081712 
0.006803 0.129252 0.006803 0.102041 0.006803 0.006803 0.006803 0.006803 0.006803 0.006803 0.088435 0.020408 0.034014 0.088435 0.482993 
0.003636 0.469091 0.047273 0.076364 0.003636 0.003636 0.018182 0.083636 0.010909 0.178182 0.010909 0.018182 0.061818 0.010909 0.003636 
0.019868 0.178808 0.006623 0.006623 0.006623 0.006623 0.046358 0.006623 0.086093 0.033113 0.205298 0.006623 0.178808 0.006623 0.205298 
0.006061 0.006061 0.151515 0.042424 0.066667 0.006061 0.006061 0.042424 0.066667 0.006061 0.236364 0.006061 0.006061 0.066667 0.284848 
0.113122 0.239819 0.004525 0.058824 0.049774 0.004525 0.004525 0.040724 0.122172 0.058824 0.022624 0.013575 0.095023 0.113122 0.058824 
0.024876 0.203980 0.034826 0.084577 0.004975 0.004975 0.004975 0.014925 0.084577 0.034826 0.014925 0.004975 0.054726 0.064677 0.363184 
0.003390 0.227119 0.362712 0.071186 0.057627 0.010169 0.010169 0.003390 0.010169 0.010169 0.145763 0.010169 0.003390 0.044068 0.030508 
0.005587 0.162011 0.407821 0.005587 0.072626 0.005587 0.005587 0.016760 0.005587 0.094972 0.039106 0.005587 0.083799 0.016760 0.072626 
0.113300 0.182266 0.004926 0.073892 0.004926 0.034483 0.024631 0.014778 0.004926 0.103448 0.054187 0.073892 0.054187 0.073892 0.182266 
0.003344 0.183946 0.063545 0.010033 0.003344 0.003344 0.003344 0.130435 0.050167 0.036789 0.230769 0.010033 0.063545 0.070234 0.137124 
0.011673 0.408560 0.128405 0.003891 0.003891 0.019455 0.003891 0.011673 0.027237 0.089494 0.058366 0.011673 0.019455 0.058366 0.143969 
0.004219 0.367089 0.012658 0.004219 0.021097 0.004219 0.004219 0.054852 0.004219 0.029536 0.105485 0.046414 0.004219 0.308017 0.029536 
0.045267 0.193416 0.061728 0.086420 0.004115 0.102881 0.037037 0.004115 0.012346 0.094650 0.028807 0.078189 0.078189 0.168724 0.004115 
0.006289 0.119497 0.006289 0.031447 0.119497 0.018868 0.031447 0.132075 0.031447 0.056604 0.194969 0.018868 0.031447 0.132075 0.069182 
0.052023 0.028902 0.005780 0.028902 0.167630 0.052023 0.179191 0.005780 0.052023 0.017341 0.306358 0.040462 0.005780 0.005780 0.052023 
0.005587 0.061453 0.039106 0.016760 0.050279 0.005587 0.016760 0.005587 0.005587 0.173184 0.251397 0.083799 0.005587 0.061453 0.217877 
0.004367 0.161572 0.152838 0.004367 0.109170 0.013100 0.004367 0.004367 0.048035 0.004367 0.004367 0.056769 0.013100 0.397380 0.021834 
0.015873 0.259259 0.005291 0.079365 0.100529 0.005291 0.089947 0.058201 0.111111 0.015873 0.005291 0.015873 0.015873 0.047619 0.174603 
0.071823 0.005525 0.005525 0.049724 0.060773 0.005525 0.027624 0.016575 0.027624 0.049724 0.104972 0.071823 0.314917 0.160221 0.027624 
0.020134 0.006711 0.060403 0.020134 0.033557 0.127517 0.154362 0.006711 0.020134 0.046980 0.234899 0.154362 0.006711 0.020134 0.087248 
0.153439 0.121693 0.047619 0.037037 0.005291 0.005291 0.375661 0.005291 0.037037 0.121693 0.026455 0.005291 0.005291 0.005291 0.047619 
0.005464 0.027322 0.071038 0.016393 0.005464 0.114754 0.016393 0.092896 0.005464 0.060109 0.114754 0.016393 0.333333 0.060109 0.060109 
0.014085 0.342723 0.107981 0.061033 0.117371 0.004695 0.004695 0.004695 0.051643 0.042254 0.154930 0.004695 0.051643 0.032864 0.004695 
0.005917 0.431953 0.017751 0.005917 0.053254 0.005917 0.053254 0.005917 0.005917 0.088757 0.254438 0.029586 0.005917 0.005917 0.029586 
0.018634 0.341615 0.080745 0.043478 0.006211 0.142857 0.006211 0.043478 0.080745 0.043478 0.006211 0.118012 0.018634 0.031056 0.018634 
0.026178 0.235602 0.151832 0.057592 0.005236 0.005236 0.005236 0.026178 0.005236 0.005236 0.172775 0.267016 0.005236 0.015707 0.015707 
0.005181 0.243523 0.005181 0.005181 0.005181 0.005181 0.025907 0.067358 0.025907 0.046632 0.129534 0.005181 0.357513 0.005181 0.067358 
0.038251 0.092896 0.005464 0.038251 0.005464 0.005464 0.092896 0.071038 0.322404 0.016393 0.016393 0.136612 0.125683 0.005464 0.027322 
0.103030 0.006061 0.006061 0.369697 0.018182 0.006061 0.139394 0.006061 0.175758 0.078788 0.006061 0.006061 0.018182 0.042424 0.018182 
0.038298 0.004255 0.123404 0.021277 0.021277 0.038298 0.021277 0.080851 0.012766 0.004255 0.361702 0.029787 0.004255 0.106383 0.131915 
0.034483 0.330049 0.014778 0.073892 0.004926 0.044335 0.014778 0.004926 0.004926 0.123153 0.004926 0.004926 0.044335 0.261084 0.034483 
0.018405 0.141104 0.092025 0.006135 0.104294 0.018405 0.202454 0.116564 0.006135 0.190184 0.018405 0.018405 0.006135 0.006135 0.055215 
0.016216 0.059459 0.027027 0.005405 0.037838 0.005405 0.102703 0.005405 0.027027 0.135135 0.286486 0.037838 0.091892 0.059459 0.102703 
0.004926 0.270936 0.004926 0.004926 0.133005 0.004926 0.024631 0.004926 0.004926 0.083744 0.211823 0.014778 0.014778 0.123153 0.093596 
0.059289 0.027668 0.201581 0.067194 0.019763 0.011858 0.106719 0.011858 0.019763 0.011858 0.106719 0.003953 0.011858 0.090909 0.249012 
0.004785 0.387560 0.052632 0.033493 0.004785 0.023923 0.167464 0.004785 0.023923 0.014354 0.004785 0.062201 0.004785 0.023923 0.186603 
0.005650 0.096045 0.084746 0.005650 0.118644 0.005650 0.005650 0.084746 0.028249 0.005650 0.118644 0.129944 0.005650 0.197740 0.107345 
0.072000 0.008000 0.056000 0.008000 0.088000 0.008000 0.040000 0.136000 0.200000 0.024000 0.008000 0.072000 0.008000 0.136000 0.136000 
0.027027 0.167568 0.037838 0.102703 0.005405 0.091892 0.124324 0.027027 0.048649 0.005405 0.037838 0.221622 0.048649 0.037838 0.016216 
0.029240 0.017544 0.169591 0.017544 0.040936 0.017544 0.017544 0.029240 0.181287 0.040936 0.017544 0.005848 0.005848 0.169591 0.239766 
0.085714 0.222857 0.040000 0.040000 0.188571 0.017143 0.005714 0.005714 0.005714 0.005714 0.188571 0.142857 0.040000 0.005714 0.005714 
0.006711 0.208054 0.020134 0.046980 0.006711 0.127517 0.181208 0.033557 0.006711 0.006711 0.208054 0.060403 0.020134 0.033557 0.033557 
0.004184 0.020921 0.004184 0.071130 0.071130 0.138075 0.071130 0.020921 0.012552 0.146444 0.230126 0.020921 0.004184 0.012552 0.171548 
0.062857 0.211429 0.005714 0.074286 0.074286 0.074286 0.051429 0.085714 0.120000 0.028571 0.017143 0.051429 0.028571 0.108571 0.005714 
0.204420 0.138122 0.116022 0.049724 0.193370 0.038674 0.005525 0.016575 0.005525 0.027624 0.005525 0.016575 0.005525 0.171271 0.005525 
0.034483 0.004926 0.073892 0.004926 0.014778 0.044335 0.241379 0.133005 0.054187 0.103448 0.044335 0.014778 0.004926 0.004926 0.221675 
0.038674 0.127072 0.016575 0.027624 0.005525 0.005525 0.005525 0.071823 0.005525 0.060773 0.005525 0.160221 0.005525 0.237569 0.226519 
0.024000 0.376000 0.008000 0.024000 0.008000 0.152000 0.056000 0.008000 0.008000 0.152000 0.008000 0.120000 0.008000 0.040000 0.008000 
0.039370 0.086614 0.007874 0.055118 0.133858 0.007874 0.007874 0.023622 0.181102 0.055118 0.055118 0.023622 0.007874 0.023622 0.291339 
0.005348 0.133690 0.005348 0.005348 0.005348 0.005348 0.016043 0.058824 0.005348 0.272727 0.272727 0.144385 0.005348 0.026738 0.037433 
0.016393 0.005464 0.038251 0.005464 0.191257 0.005464 0.016393 0.005464 0.147541 0.027322 0.092896 0.005464 0.103825 0.136612 0.202186 
0.004525 0.257919 0.040724 0.049774 0.049774 0.158371 0.022624 0.004525 0.004525 0.031674 0.004525 0.212670 0.004525 0.149321 0.004525 
0.018868 0.056604 0.157233 0.081761 0.006289 0.044025 0.006289 0.006289 0.132075 0.169811 0.094340 0.031447 0.006289 0.018868 0.169811 
0.080851 0.055319 0.004255 0.080851 0.004255 0.046809 0.114894 0.021277 0.140426 0.004255 0.004255 0.012766 0.182979 0.004255 0.242553 
0.005848 0.368421 0.099415 0.005848 0.005848 0.017544 0.064327 0.005848 0.005848 0.204678 0.029240 0.017544 0.134503 0.005848 0.029240 
0.008696 0.026087 0.147826 0.026087 0.060870 0.043478 0.147826 0.234783 0.165217 0.008696 0.008696 0.026087 0.008696 0.060870 0.026087 
0.028249 0.175141 0.005650 0.141243 0.028249 0.028249 0.209040 0.005650 0.141243 0.028249 0.005650 0.062147 0.039548 0.062147 0.039548 
0.006452 0.135484 0.096774 0.006452 0.006452 0.006452 0.006452 0.058065 0.006452 0.032258 0.032258 0.419355 0.006452 0.096774 0.083871 
0.040650 0.008130 0.008130 0.024390 0.203252 0.008130 0.089431 0.008130 0.186992 0.008130 0.024390 0.219512 0.008130 0.008130 0.154472 
0.060870 0.008696 0.008696 0.060870 0.391304 0.008696 0.026087 0.043478 0.095652 0.008696 0.008696 0.113043 0.095652 0.008696 0.060870 
0.023256 0.007752 0.023256 0.038760 0.147287 0.162791 0.162791 0.054264 0.100775 0.007752 0.007752 0.162791 0.007752 0.069767 0.023256 
0.008403 0.042017 0.025210 0.025210 0.042017 0.092437 0.008403 0.008403 0.042017 0.142857 0.008403 0.277311 0.159664 0.008403 0.109244 
0.112426 0.005917 0.017751 0.005917 0.420118 0.005917 0.029586 0.041420 0.017751 0.029586 0.053254 0.005917 0.041420 0.195266 0.017751 
0.038760 0.023256 0.007752 0.007752 0.147287 0.007752 0.286822 0.038760 0.023256 0.054264 0.100775 0.085271 0.162791 0.007752 0.007752 
0.024000 0.088000 0.072000 0.040000 0.424000 0.024000 0.056000 0.008000 0.072000 0.008000 0.008000 0.088000 0.024000 0.040000 0.024000 
0.005076 0.025381 0.299492 0.106599 0.015228 0.076142 0.015228 0.035533 0.076142 0.076142 0.005076 0.147208 0.025381 0.025381 0.065990 
0.008130 0.008130 0.024390 0.024390 0.105691 0.073171 0.008130 0.040650 0.235772 0.040650 0.056911 0.317073 0.008130 0.008130 0.040650 
0.005236 0.026178 0.141361 0.015707 0.078534 0.057592 0.057592 0.026178 0.183246 0.151832 0.005236 0.026178 0.214660 0.005236 0.005236 
0.062762 0.020921 0.020921 0.121339 0.062762 0.079498 0.012552 0.062762 0.012552 0.096234 0.020921 0.104603 0.004184 0.246862 0.071130 
0.138122 0.060773 0.060773 0.138122 0.038674 0.005525 0.049724 0.005525 0.182320 0.060773 0.005525 0.038674 0.204420 0.005525 0.005525 
0.122363 0.004219 0.113924 0.029536 0.198312 0.063291 0.071730 0.021097 0.071730 0.004219 0.088608 0.004219 0.004219 0.105485 0.097046 
0.034014 0.006803 0.006803 0.006803 0.170068 0.020408 0.074830 0.034014 0.102041 0.006803 0.034014 0.333333 0.129252 0.034014 0.006803 
0.068323 0.018634 0.018634 0.006211 0.304348 0.080745 0.043478 0.006211 0.006211 0.006211 0.093168 0.080745 0.018634 0.080745 0.167702 
0.095541 0.019108 0.031847 0.044586 0.019108 0.006369 0.095541 0.031847 0.006369 0.006369 0.197452 0.222930 0.006369 0.019108 0.197452 
0.081761 0.031447 0.018868 0.006289 0.031447 0.320755 0.106918 0.031447 0.018868 0.169811 0.018868 0.081761 0.006289 0.006289 0.069182 
0.007407 0.007407 0.096296 0.066667 0.214815 0.185185 0.007407 0.022222 0.081481 0.051852 0.007407 0.007407 0.022222 0.007407 0.214815 
0.020690 0.158621 0.034483 0.144828 0.006897 0.213793 0.020690 0.034483 0.048276 0.048276 0.103448 0.006897 0.089655 0.020690 0.048276 
0.007519 0.067669 0.022556 0.082707 0.007519 0.203008 0.007519 0.007519 0.052632 0.157895 0.233083 0.007519 0.007519 0.007519 0.127820 
0.069182 0.018868 0.006289 0.018868 0.044025 0.081761 0.119497 0.006289 0.106918 0.257862 0.018868 0.006289 0.081761 0.018868 0.144654 
0.005525 0.038674 0.038674 0.071823 0.171271 0.005525 0.005525 0.127072 0.071823 0.005525 0.138122 0.160221 0.005525 0.093923 0.060773 
0.144385 0.016043 0.026738 0.005348 0.229947 0.026738 0.144385 0.016043 0.037433 0.037433 0.037433 0.005348 0.058824 0.058824 0.155080 
0.007519 0.067669 0.007519 0.007519 0.203008 0.067669 0.007519 0.007519 0.052632 0.338346 0.097744 0.022556 0.082707 0.022556 0.007519 
0.132743 0.008850 0.008850 0.008850 0.079646 0.008850 0.115044 0.044248 0.008850 0.008850 0.044248 0.203540 0.221239 0.008850 0.097345 
0.006289 0.018868 0.006289 0.056604 0.106918 0.006289 0.006289 0.006289 0.044025 0.245283 0.018868 0.194969 0.006289 0.270440 0.006289 
0.024000 0.008000 0.024000 0.120000 0.088000 0.168000 0.152000 0.056000 0.024000 0.168000 0.024000 0.104000 0.024000 0.008000 0.008000 
0.071823 0.049724 0.038674 0.171271 0.005525 0.016575 0.325967 0.127072 0.005525 0.027624 0.082873 0.060773 0.005525 0.005525 0.005525 
0.073826 0.006711 0.073826 0.020134 0.020134 0.006711 0.020134 0.167785 0.355705 0.060403 0.087248 0.060403 0.006711 0.006711 0.033557 
0.005587 0.061453 0.005587 0.094972 0.094972 0.061453 0.307263 0.039106 0.050279 0.005587 0.027933 0.050279 0.005587 0.094972 0.094972 
0.006993 0.062937 0.006993 0.090909 0.020979 0.006993 0.118881 0.034965 0.202797 0.006993 0.034965 0.146853 0.020979 0.216783 0.020979 
0.034483 0.006897 0.034483 0.103448 0.006897 0.020690 0.034483 0.006897 0.006897 0.020690 0.089655 0.282759 0.034483 0.282759 0.034483 
0.131783 0.023256 0.007752 0.007752 0.193798 0.038760 0.007752 0.007752 0.007752 0.147287 0.007752 0.147287 0.023256 0.100775 0.147287 
0.005464 0.005464 0.016393 0.038251 0.103825 0.049180 0.081967 0.038251 0.005464 0.060109 0.114754 0.387978 0.049180 0.005464 0.038251 
0.085020 0.044534 0.149798 0.165992 0.052632 0.125506 0.004049 0.004049 0.004049 0.085020 0.117409 0.052632 0.052632 0.036437 0.020243 
0.069767 0.023256 0.038760 0.147287 0.023256 0.023256 0.379845 0.023256 0.100775 0.054264 0.007752 0.007752 0.054264 0.038760 0.007752 
0.023697 0.090047 0.004739 0.004739 0.004739 0.004739 0.165877 0.014218 0.004739 0.004739 0.099526 0.023697 0.014218 0.450237 0.090047 
0.005236 0.109948 0.005236 0.015707 0.026178 0.005236 0.267016 0.068063 0.036649 0.047120 0.057592 0.089005 0.151832 0.109948 0.005236 
0.005714 0.222857 0.040000 0.005714 0.062857 0.051429 0.028571 0.005714 0.028571 0.120000 0.028571 0.017143 0.005714 0.005714 0.371429 
0.006061 0.527273 0.006061 0.018182 0.018182 0.006061 0.030303 0.090909 0.127273 0.078788 0.006061 0.006061 0.018182 0.054545 0.006061 
0.004566 0.132420 0.031963 0.004566 0.077626 0.004566 0.004566 0.031963 0.123288 0.141553 0.013699 0.031963 0.077626 0.141553 0.178082 
0.005025 0.356784 0.085427 0.075377 0.005025 0.015075 0.005025 0.015075 0.025126 0.015075 0.005025 0.155779 0.105528 0.055276 0.075377 
0.049180 0.016393 0.289617 0.027322 0.005464 0.071038 0.125683 0.005464 0.060109 0.224044 0.027322 0.005464 0.005464 0.005464 0.081967 
0.026178 0.068063 0.162304 0.089005 0.109948 0.026178 0.078534 0.047120 0.015707 0.036649 0.120419 0.005236 0.005236 0.068063 0.141361 
0.018405 0.361963 0.116564 0.030675 0.276074 0.006135 0.018405 0.018405 0.042945 0.018405 0.006135 0.018405 0.018405 0.030675 0.018405 
0.064748 0.007194 0.093525 0.122302 0.035971 0.007194 0.007194 0.021583 0.050360 0.151079 0.050360 0.151079 0.035971 0.035971 0.165468 
0.094340 0.006289 0.006289 0.018868 0.044025 0.006289 0.006289 0.069182 0.031447 0.295597 0.081761 0.144654 0.018868 0.006289 0.169811 
0.172093 0.116279 0.125581 0.004651 0.069767 0.023256 0.200000 0.013953 0.172093 0.004651 0.004651 0.004651 0.004651 0.060465 0.023256 
0.140741 0.051852 0.125926 0.066667 0.007407 0.066667 0.185185 0.022222 0.081481 0.022222 0.022222 0.140741 0.007407 0.022222 0.037037 
0.272727 0.026738 0.112299 0.026738 0.016043 0.005348 0.005348 0.016043 0.176471 0.112299 0.005348 0.037433 0.165775 0.005348 0.016043 
0.020243 0.044534 0.004049 0.044534 0.004049 0.141700 0.165992 0.020243 0.174089 0.085020 0.125506 0.004049 0.060729 0.101215 0.004049 
0.016043 0.005348 0.016043 0.112299 0.005348 0.133690 0.080214 0.016043 0.026738 0.048128 0.026738 0.112299 0.048128 0.336898 0.016043 
0.051852 0.200000 0.037037 0.007407 0.111111 0.051852 0.288889 0.022222 0.007407 0.007407 0.037037 0.022222 0.037037 0.037037 0.081481 
0.062802 0.004831 0.091787 0.381643 0.072464 0.024155 0.014493 0.004831 0.033816 0.062802 0.062802 0.033816 0.111111 0.004831 0.033816 
0.020134 0.006711 0.006711 0.127517 0.221477 0.154362 0.033557 0.073826 0.006711 0.140940 0.006711 0.114094 0.033557 0.006711 0.046980 
0.024876 0.044776 0.094527 0.014925 0.174129 0.004975 0.024876 0.014925 0.383085 0.034826 0.064677 0.074627 0.004975 0.004975 0.034826 
0.005988 0.005988 0.137725 0.005988 0.149701 0.041916 0.065868 0.065868 0.005988 0.017964 0.029940 0.029940 0.173653 0.185629 0.077844 
0.117949 0.046154 0.005128 0.056410 0.015385 0.097436 0.066667 0.015385 0.025641 0.189744 0.035897 0.179487 0.056410 0.005128 0.087179 
0.005128 0.015385 0.056410 0.005128 0.128205 0.025641 0.025641 0.035897 0.066667 0.148718 0.005128 0.005128 0.128205 0.148718 0.200000 
0.004405 0.039648 0.004405 0.110132 0.066079 0.013216 0.207048 0.004405 0.145374 0.162996 0.092511 0.004405 0.004405 0.013216 0.127753 
0.262411 0.063830 0.007092 0.078014 0.007092 0.007092 0.049645 0.007092 0.248227 0.007092 0.007092 0.219858 0.007092 0.007092 0.021277 
0.021583 0.021583 0.035971 0.079137 0.381295 0.007194 0.294964 0.007194 0.007194 0.064748 0.021583 0.007194 0.021583 0.007194 0.021583 
0.008000 0.008000 0.008000 0.008000 0.104000 0.008000 0.088000 0.008000 0.488000 0.040000 0.008000 0.120000 0.008000 0.056000 0.040000 
0.019355 0.006452 0.019355 0.148387 0.290323 0.019355 0.096774 0.083871 0.006452 0.161290 0.032258 0.032258 0.032258 0.032258 0.019355 
0.049724 0.093923 0.027624 0.016575 0.138122 0.005525 0.016575 0.005525 0.027624 0.082873 0.193370 0.005525 0.071823 0.038674 0.226519 
0.006536 0.137255 0.045752 0.006536 0.150327 0.006536 0.058824 0.006536 0.150327 0.019608 0.254902 0.124183 0.019608 0.006536 0.006536 
0.272727 0.133690 0.037433 0.122995 0.016043 0.037433 0.016043 0.069519 0.005348 0.080214 0.005348 0.144385 0.016043 0.005348 0.037433 
0.008130 0.089431 0.024390 0.008130 0.008130 0.089431 0.300813 0.040650 0.121951 0.089431 0.040650 0.073171 0.040650 0.056911 0.008130 
0.006135 0.239264 0.030675 0.055215 0.006135 0.165644 0.153374 0.055215 0.006135 0.006135 0.018405 0.153374 0.018405 0.030675 0.055215 
0.006061 0.054545 0.018182 0.248485 0.248485 0.030303 0.018182 0.018182 0.018182 0.054545 0.006061 0.078788 0.090909 0.042424 0.066667 
0.005780 0.098266 0.017341 0.132948 0.040462 0.040462 0.098266 0.005780 0.236994 0.225434 0.040462 0.005780 0.005780 0.040462 0.005780 
0.049724 0.005525 0.005525 0.005525 0.138122 0.005525 0.281768 0.082873 0.005525 0.038674 0.127072 0.027624 0.005525 0.171271 0.049724 
0.029940 0.005988 0.041916 0.185629 0.005988 0.041916 0.173653 0.005988 0.017964 0.029940 0.005988 0.281437 0.041916 0.077844 0.053892 
0.267974 0.071895 0.006536 0.045752 0.084967 0.006536 0.006536 0.058824 0.006536 0.084967 0.019608 0.058824 0.006536 0.124183 0.150327 
0.018405 0.006135 0.128834 0.092025 0.067485 0.006135 0.165644 0.006135 0.006135 0.128834 0.006135 0.165644 0.006135 0.153374 0.042945 
0.020134 0.033557 0.006711 0.087248 0.140940 0.114094 0.140940 0.006711 0.006711 0.060403 0.006711 0.073826 0.006711 0.167785 0.127517 
0.007407 0.007407 0.081481 0.051852 0.111111 0.111111 0.007407 0.007407 0.066667 0.155556 0.007407 0.155556 0.007407 0.214815 0.007407 
0.084746 0.005650 0.118644 0.096045 0.005650 0.005650 0.220339 0.005650 0.050847 0.028249 0.016949 0.152542 0.197740 0.005650 0.005650 
0.006369 0.019108 0.006369 0.006369 0.057325 0.108280 0.057325 0.019108 0.171975 0.031847 0.235669 0.235669 0.031847 0.006369 0.006369 
0.062147 0.028249 0.005650 0.005650 0.016949 0.096045 0.276836 0.039548 0.005650 0.118644 0.016949 0.050847 0.005650 0.163842 0.107345 
0.084967 0.006536 0.019608 0.385621 0.019608 0.071895 0.019608 0.006536 0.006536 0.006536 0.058824 0.032680 0.006536 0.124183 0.150327 
0.006623 0.112583 0.006623 0.099338 0.284768 0.006623 0.072848 0.046358 0.006623 0.046358 0.006623 0.165563 0.112583 0.006623 0.019868 
0.006289 0.044025 0.006289 0.194969 0.094340 0.044025 0.044025 0.094340 0.006289 0.056604 0.006289 0.182390 0.044025 0.106918 0.069182 
0.016575 0.005525 0.027624 0.149171 0.215470 0.138122 0.005525 0.005525 0.027624 0.005525 0.038674 0.016575 0.005525 0.314917 0.027624 
0.217021 0.106383 0.123404 0.089362 0.029787 0.123404 0.021277 0.038298 0.004255 0.004255 0.055319 0.097872 0.021277 0.012766 0.055319 
0.007194 0.007194 0.021583 0.021583 0.280576 0.007194 0.007194 0.007194 0.007194 0.021583 0.007194 0.280576 0.007194 0.237410 0.079137 
0.157895 0.007519 0.007519 0.007519 0.172932 0.007519 0.218045 0.007519 0.022556 0.082707 0.007519 0.203008 0.037594 0.052632 0.007519 
0.120567 0.021277 0.106383 0.035461 0.375887 0.007092 0.078014 0.007092 0.078014 0.021277 0.007092 0.007092 0.106383 0.007092 0.021277 
0.005025 0.005025 0.055276 0.085427 0.226131 0.015075 0.005025 0.035176 0.045226 0.206030 0.005025 0.015075 0.105528 0.055276 0.135678 
0.031447 0.106918 0.006289 0.081761 0.018868 0.006289 0.157233 0.031447 0.056604 0.056604 0.069182 0.132075 0.094340 0.132075 0.018868 
0.254902 0.098039 0.045752 0.006536 0.111111 0.006536 0.307190 0.019608 0.006536 0.019608 0.019608 0.006536 0.006536 0.084967 0.006536 
0.016043 0.005348 0.016043 0.048128 0.037433 0.133690 0.005348 0.069519 0.005348 0.058824 0.080214 0.208556 0.005348 0.304813 0.005348 
0.029586 0.005917 0.100592 0.289941 0.360947 0.005917 0.041420 0.017751 0.005917 0.017751 0.017751 0.005917 0.017751 0.017751 0.065089 
0.050279 0.273743 0.005587 0.217877 0.173184 0.061453 0.016760 0.039106 0.005587 0.027933 0.027933 0.016760 0.005587 0.050279 0.027933 
0.142857 0.013825 0.179724 0.013825 0.096774 0.023041 0.161290 0.023041 0.041475 0.004608 0.087558 0.013825 0.087558 0.105991 0.004608 
0.100671 0.033557 0.006711 0.020134 0.073826 0.073826 0.060403 0.020134 0.114094 0.020134 0.006711 0.194631 0.006711 0.261745 0.006711 
0.103448 0.020690 0.034483 0.034483 0.006897 0.034483 0.103448 0.034483 0.020690 0.006897 0.006897 0.406897 0.048276 0.034483 0.103448 
0.005587 0.005587 0.005587 0.016760 0.016760 0.027933 0.642458 0.027933 0.005587 0.050279 0.005587 0.027933 0.016760 0.061453 0.083799 
0.124378 0.024876 0.024876 0.094527 0.004975 0.144279 0.064677 0.004975 0.014925 0.184080 0.004975 0.223881 0.004975 0.064677 0.014925 
0.163636 0.018182 0.018182 0.418182 0.151515 0.018182 0.030303 0.006061 0.006061 0.006061 0.006061 0.006061 0.042424 0.078788 0.030303 
0.031056 0.031056 0.130435 0.068323 0.080745 0.018634 0.118012 0.142857 0.055901 0.093168 0.006211 0.031056 0.018634 0.118012 0.055901 
0.007194 0.165468 0.165468 0.251799 0.007194 0.050360 0.050360 0.007194 0.007194 0.035971 0.050360 0.122302 0.007194 0.050360 0.021583 
0.022901 0.007634 0.007634 0.038168 0.022901 0.022901 0.083969 0.007634 0.083969 0.297710 0.083969 0.053435 0.236641 0.007634 0.022901 
0.280576 0.107914 0.079137 0.107914 0.007194 0.050360 0.007194 0.007194 0.007194 0.007194 0.007194 0.165468 0.007194 0.107914 0.050360 
0.004405 0.074890 0.136564 0.004405 0.022026 0.004405 0.004405 0.039648 0.004405 0.110132 0.004405 0.162996 0.004405 0.039648 0.383260 
0.018405 0.226994 0.018405 0.300613 0.006135 0.006135 0.055215 0.018405 0.263804 0.006135 0.006135 0.006135 0.018405 0.018405 0.030675 
0.034014 0.006803 0.020408 0.061224 0.061224 0.006803 0.238095 0.020408 0.006803 0.047619 0.006803 0.006803 0.142857 0.115646 0.224490 
0.076923 0.005917 0.005917 0.017751 0.171598 0.005917 0.041420 0.005917 0.124260 0.053254 0.005917 0.029586 0.100592 0.289941 0.065089 
0.014493 0.024155 0.004831 0.014493 0.033816 0.004831 0.004831 0.062802 0.458937 0.014493 0.082126 0.004831 0.004831 0.265700 0.004831 
0.005587 0.005587 0.016760 0.206704 0.251397 0.027933 0.094972 0.027933 0.061453 0.005587 0.050279 0.005587 0.050279 0.150838 0.039106 
0.239766 0.005848 0.005848 0.029240 0.052632 0.029240 0.017544 0.017544 0.321637 0.005848 0.040936 0.017544 0.005848 0.169591 0.040936 
0.006452 0.032258 0.096774 0.070968 0.277419 0.019355 0.006452 0.006452 0.019355 0.032258 0.019355 0.019355 0.006452 0.200000 0.187097 
0.005025 0.145729 0.075377 0.105528 0.185930 0.075377 0.035176 0.035176 0.005025 0.015075 0.085427 0.005025 0.035176 0.155779 0.035176 
0.102222 0.111111 0.013333 0.022222 0.075556 0.004444 0.120000 0.022222 0.004444 0.004444 0.013333 0.075556 0.048889 0.333333 0.048889 
0.028902 0.098266 0.005780 0.121387 0.005780 0.040462 0.017341 0.017341 0.144509 0.052023 0.005780 0.109827 0.017341 0.329480 0.005780 
0.038674 0.049724 0.005525 0.093923 0.160221 0.005525 0.049724 0.005525 0.005525 0.027624 0.038674 0.093923 0.005525 0.303867 0.116022 
0.022222 0.007407 0.022222 0.125926 0.244444 0.066667 0.081481 0.066667 0.007407 0.037037 0.007407 0.007407 0.140741 0.125926 0.037037 
0.066667 0.004444 0.022222 0.013333 0.031111 0.093333 0.191111 0.084444 0.066667 0.004444 0.048889 0.137778 0.004444 0.226667 0.004444 
0.015544 0.036269 0.067358 0.036269 0.139896 0.046632 0.005181 0.015544 0.005181 0.005181 0.129534 0.264249 0.015544 0.212435 0.005181 
0.020134 0.006711 0.006711 0.006711 0.181208 0.020134 0.248322 0.006711 0.100671 0.046980 0.006711 0.073826 0.006711 0.006711 0.261745 
0.038674 0.027624 0.071823 0.071823 0.259669 0.005525 0.160221 0.160221 0.005525 0.104972 0.016575 0.027624 0.005525 0.038674 0.005525 
0.018182 0.030303 0.212121 0.006061 0.418182 0.018182 0.006061 0.006061 0.078788 0.030303 0.006061 0.006061 0.151515 0.006061 0.006061 
0.018182 0.042424 0.018182 0.006061 0.175758 0.018182 0.018182 0.018182 0.127273 0.018182 0.006061 0.151515 0.018182 0.042424 0.321212 
0.019355 0.032258 0.032258 0.006452 0.083871 0.019355 0.161290 0.122581 0.058065 0.006452 0.045161 0.174194 0.148387 0.083871 0.006452 
0.031111 0.111111 0.031111 0.128889 0.022222 0.004444 0.013333 0.031111 0.022222 0.031111 0.173333 0.262222 0.022222 0.048889 0.066667 
0.111111 0.084967 0.019608 0.058824 0.084967 0.019608 0.045752 0.019608 0.006536 0.019608 0.032680 0.320261 0.045752 0.124183 0.006536 
0.007874 0.023622 0.055118 0.055118 0.196850 0.007874 0.039370 0.055118 0.070866 0.039370 0.055118 0.228346 0.039370 0.118110 0.007874 
0.008000 0.008000 0.008000 0.024000 0.328000 0.168000 0.008000 0.072000 0.056000 0.040000 0.008000 0.104000 0.008000 0.024000 0.136000 
0.068783 0.216931 0.037037 0.015873 0.089947 0.037037 0.005291 0.005291 0.047619 0.047619 0.121693 0.227513 0.005291 0.005291 0.068783 
0.167513 0.096447 0.025381 0.065990 0.055838 0.055838 0.177665 0.005076 0.035533 0.025381 0.055838 0.116751 0.005076 0.086294 0.025381 
0.007519 0.022556 0.082707 0.007519 0.308271 0.082707 0.127820 0.022556 0.007519 0.067669 0.022556 0.007519 0.007519 0.187970 0.037594 
0.118367 0.012245 0.069388 0.004082 0.028571 0.004082 0.159184 0.004082 0.069388 0.004082 0.004082 0.004082 0.004082 0.289796 0.224490 
0.261146 0.006369 0.006369 0.095541 0.031847 0.019108 0.019108 0.006369 0.006369 0.108280 0.006369 0.210191 0.006369 0.171975 0.044586 
0.019920 0.003984 0.266932 0.147410 0.011952 0.011952 0.051793 0.011952 0.011952 0.043825 0.035857 0.059761 0.195219 0.035857 0.091633 
0.006211 0.105590 0.006211 0.018634 0.329193 0.006211 0.006211 0.043478 0.068323 0.068323 0.018634 0.180124 0.006211 0.118012 0.018634 
0.048035 0.021834 0.144105 0.170306 0.004367 0.161572 0.039301 0.100437 0.004367 0.021834 0.109170 0.013100 0.135371 0.021834 0.004367 
0.008000 0.024000 0.024000 0.040000 0.456000 0.008000 0.008000 0.040000 0.072000 0.104000 0.136000 0.024000 0.008000 0.008000 0.040000 
0.027933 0.284916 0.005587 0.027933 0.273743 0.005587 0.005587 0.061453 0.005587 0.039106 0.106145 0.016760 0.005587 0.016760 0.117318 
0.015228 0.096447 0.045685 0.208122 0.045685 0.005076 0.126904 0.137056 0.005076 0.005076 0.055838 0.096447 0.116751 0.035533 0.005076 
0.037838 0.005405 0.037838 0.005405 0.351351 0.081081 0.037838 0.016216 0.037838 0.005405 0.113514 0.070270 0.091892 0.037838 0.070270 
0.046809 0.004255 0.004255 0.004255 0.174468 0.191489 0.038298 0.021277 0.012766 0.063830 0.182979 0.021277 0.055319 0.157447 0.021277 
0.005988 0.005988 0.101796 0.053892 0.137725 0.053892 0.017964 0.017964 0.233533 0.041916 0.173653 0.005988 0.113772 0.017964 0.017964 
0.078261 0.147826 0.008696 0.043478 0.460870 0.008696 0.008696 0.008696 0.043478 0.130435 0.008696 0.026087 0.008696 0.008696 0.008696 
0.043478 0.169082 0.004831 0.062802 0.120773 0.043478 0.043478 0.004831 0.024155 0.178744 0.111111 0.043478 0.004831 0.140097 0.004831 
0.083799 0.083799 0.016760 0.005587 0.117318 0.005587 0.005587 0.083799 0.005587 0.162011 0.050279 0.184358 0.005587 0.184358 0.005587 
0.025381 0.096447 0.045685 0.005076 0.187817 0.025381 0.005076 0.005076 0.045685 0.015228 0.096447 0.126904 0.065990 0.157360 0.096447 
0.026455 0.121693 0.100529 0.005291 0.132275 0.005291 0.015873 0.100529 0.185185 0.089947 0.015873 0.015873 0.089947 0.058201 0.037037 
0.202312 0.028902 0.028902 0.005780 0.005780 0.005780 0.005780 0.017341 0.028902 0.028902 0.017341 0.236994 0.306358 0.028902 0.052023 
0.214660 0.225131 0.015707 0.057592 0.151832 0.005236 0.141361 0.005236 0.005236 0.015707 0.005236 0.026178 0.015707 0.109948 0.005236 
0.302013 0.006711 0.006711 0.073826 0.208054 0.033557 0.006711 0.006711 0.140940 0.006711 0.006711 0.060403 0.046980 0.087248 0.006711 
0.005076 0.076142 0.005076 0.126904 0.167513 0.076142 0.157360 0.086294 0.055838 0.045685 0.005076 0.086294 0.025381 0.076142 0.005076 
0.005714 0.005714 0.097143 0.005714 0.062857 0.005714 0.234286 0.062857 0.028571 0.234286 0.017143 0.005714 0.005714 0.005714 0.222857 
0.005405 0.232432 0.005405 0.027027 0.145946 0.005405 0.005405 0.005405 0.005405 0.189189 0.005405 0.048649 0.059459 0.005405 0.254054 
0.030303 0.006061 0.006061 0.187879 0.006061 0.006061 0.006061 0.006061 0.006061 0.006061 0.103030 0.163636 0.260606 0.175758 0.030303 
0.058201 0.142857 0.037037 0.026455 0.005291 0.100529 0.005291 0.005291 0.068783 0.037037 0.068783 0.111111 0.079365 0.248677 0.005291 
0.005848 0.005848 0.005848 0.005848 0.134503 0.064327 0.052632 0.005848 0.005848 0.017544 0.017544 0.005848 0.029240 0.134503 0.508772 
0.130435 0.159420 0.053140 0.004831 0.140097 0.004831 0.091787 0.014493 0.004831 0.053140 0.062802 0.004831 0.024155 0.246377 0.004831 
0.020408 0.006803 0.170068 0.006803 0.360544 0.006803 0.020408 0.006803 0.020408 0.061224 0.006803 0.156463 0.020408 0.074830 0.061224 
0.200000 0.130435 0.008696 0.008696 0.182609 0.043478 0.060870 0.026087 0.078261 0.026087 0.008696 0.026087 0.113043 0.043478 0.043478 
0.008264 0.008264 0.008264 0.074380 0.206612 0.024793 0.008264 0.008264 0.140496 0.008264 0.024793 0.140496 0.041322 0.157025 0.140496 
0.145729 0.175879 0.185930 0.005025 0.155779 0.125628 0.005025 0.015075 0.005025 0.025126 0.055276 0.025126 0.035176 0.035176 0.005025 
0.006061 0.006061 0.103030 0.006061 0.030303 0.018182 0.260606 0.006061 0.078788 0.078788 0.006061 0.078788 0.054545 0.066667 0.200000 
