alpha=0.500000
beta=0.100000
ntopics=15
ndocs=3480
nwords=16943
liter=700
