0.163180 0.104603 0.112971 0.146444 0.004184 0.004184 0.004184 0.004184 0.079498 0.012552 0.004184 0.012552 0.004184 0.062762 0.280335 
0.022624 0.131222 0.221719 0.004525 0.004525 0.004525 0.013575 0.031674 0.131222 0.013575 0.004525 0.013575 0.076923 0.167421 0.158371 
0.004367 0.231441 0.213974 0.213974 0.021834 0.039301 0.030568 0.004367 0.004367 0.056769 0.065502 0.039301 0.004367 0.004367 0.065502 
0.025381 0.086294 0.106599 0.035533 0.005076 0.015228 0.045685 0.005076 0.055838 0.005076 0.005076 0.005076 0.025381 0.157360 0.421320 
0.040293 0.362637 0.091575 0.157509 0.003663 0.003663 0.157509 0.010989 0.040293 0.003663 0.003663 0.003663 0.003663 0.062271 0.054945 
0.014218 0.090047 0.090047 0.061611 0.194313 0.004739 0.004739 0.023697 0.071090 0.004739 0.061611 0.109005 0.023697 0.004739 0.241706 
0.138075 0.129707 0.506276 0.062762 0.004184 0.020921 0.004184 0.004184 0.004184 0.004184 0.012552 0.012552 0.004184 0.087866 0.004184 
0.005076 0.258883 0.076142 0.005076 0.005076 0.005076 0.005076 0.005076 0.106599 0.005076 0.096447 0.045685 0.045685 0.076142 0.258883 
0.054393 0.288703 0.004184 0.079498 0.004184 0.020921 0.004184 0.004184 0.004184 0.004184 0.246862 0.046025 0.004184 0.062762 0.171548 
0.032680 0.437908 0.019608 0.032680 0.006536 0.006536 0.228758 0.006536 0.019608 0.006536 0.006536 0.019608 0.124183 0.006536 0.045752 
0.111111 0.193416 0.374486 0.061728 0.028807 0.012346 0.004115 0.045267 0.004115 0.037037 0.004115 0.004115 0.004115 0.086420 0.028807 
0.012552 0.129707 0.347280 0.163180 0.012552 0.004184 0.062762 0.004184 0.004184 0.121339 0.004184 0.046025 0.062762 0.004184 0.020921 
0.045226 0.055276 0.065327 0.145729 0.005025 0.095477 0.005025 0.035176 0.055276 0.095477 0.095477 0.045226 0.065327 0.045226 0.145729 
0.013953 0.255814 0.330233 0.116279 0.023256 0.004651 0.013953 0.013953 0.032558 0.032558 0.023256 0.106977 0.004651 0.004651 0.023256 
0.010381 0.217993 0.065744 0.044983 0.017301 0.017301 0.134948 0.003460 0.024221 0.010381 0.093426 0.003460 0.003460 0.176471 0.176471 
0.041475 0.290323 0.004608 0.087558 0.004608 0.087558 0.004608 0.013825 0.096774 0.004608 0.179724 0.004608 0.023041 0.115207 0.041475 
0.110132 0.004405 0.303965 0.074890 0.004405 0.013216 0.004405 0.004405 0.074890 0.004405 0.004405 0.013216 0.022026 0.022026 0.339207 
0.003663 0.238095 0.377289 0.076923 0.091575 0.040293 0.010989 0.003663 0.010989 0.018315 0.018315 0.032967 0.003663 0.054945 0.018315 
0.011152 0.152416 0.040892 0.026022 0.003717 0.003717 0.063197 0.107807 0.070632 0.070632 0.018587 0.026022 0.003717 0.107807 0.293680 
0.027237 0.050584 0.190661 0.050584 0.019455 0.003891 0.027237 0.003891 0.151751 0.019455 0.011673 0.011673 0.058366 0.120623 0.252918 
0.086093 0.456954 0.006623 0.086093 0.019868 0.006623 0.006623 0.019868 0.099338 0.006623 0.006623 0.019868 0.019868 0.046358 0.112583 
0.149758 0.188406 0.033816 0.130435 0.043478 0.014493 0.004831 0.053140 0.072464 0.004831 0.014493 0.004831 0.033816 0.072464 0.178744 
0.118943 0.189427 0.110132 0.004405 0.004405 0.013216 0.013216 0.180617 0.013216 0.030837 0.039648 0.013216 0.083700 0.154185 0.030837 
0.018405 0.263804 0.006135 0.006135 0.055215 0.030675 0.006135 0.128834 0.055215 0.006135 0.018405 0.042945 0.018405 0.177914 0.165644 
0.005405 0.135135 0.005405 0.091892 0.016216 0.027027 0.135135 0.016216 0.113514 0.027027 0.113514 0.016216 0.016216 0.005405 0.275676 
0.005076 0.309645 0.025381 0.015228 0.005076 0.045685 0.005076 0.035533 0.086294 0.055838 0.005076 0.005076 0.025381 0.005076 0.370558 
0.078189 0.061728 0.201646 0.012346 0.004115 0.004115 0.012346 0.004115 0.004115 0.061728 0.094650 0.037037 0.020576 0.333333 0.069959 
0.011321 0.230189 0.003774 0.184906 0.003774 0.011321 0.003774 0.026415 0.003774 0.132075 0.139623 0.132075 0.011321 0.011321 0.094340 
0.018182 0.225974 0.288312 0.075325 0.012987 0.012987 0.007792 0.002597 0.002597 0.012987 0.122078 0.007792 0.023377 0.101299 0.085714 
0.011407 0.041825 0.011407 0.231939 0.034221 0.079848 0.019011 0.102662 0.019011 0.064639 0.041825 0.003802 0.003802 0.292776 0.041825 
0.005714 0.131429 0.074286 0.005714 0.028571 0.028571 0.085714 0.062857 0.005714 0.005714 0.017143 0.028571 0.017143 0.051429 0.451429 
0.004831 0.275362 0.072464 0.004831 0.004831 0.004831 0.014493 0.024155 0.004831 0.004831 0.004831 0.004831 0.033816 0.207729 0.333333 
0.060773 0.071823 0.027624 0.016575 0.016575 0.082873 0.027624 0.038674 0.038674 0.071823 0.215470 0.049724 0.005525 0.215470 0.060773 
0.006623 0.245033 0.006623 0.033113 0.059603 0.006623 0.033113 0.033113 0.165563 0.046358 0.059603 0.059603 0.006623 0.006623 0.231788 
0.005181 0.305699 0.077720 0.005181 0.025907 0.005181 0.036269 0.005181 0.056995 0.046632 0.056995 0.119171 0.025907 0.170984 0.056995 
0.042424 0.284848 0.018182 0.115152 0.018182 0.030303 0.030303 0.236364 0.006061 0.018182 0.018182 0.018182 0.006061 0.030303 0.127273 
0.132530 0.148594 0.020080 0.044177 0.012048 0.004016 0.012048 0.044177 0.004016 0.028112 0.108434 0.028112 0.004016 0.285141 0.124498 
0.014925 0.124378 0.004975 0.174129 0.004975 0.014925 0.004975 0.014925 0.014925 0.024876 0.184080 0.074627 0.024876 0.094527 0.223881 
0.092896 0.333333 0.005464 0.092896 0.005464 0.016393 0.038251 0.060109 0.005464 0.049180 0.038251 0.005464 0.027322 0.125683 0.103825 
0.033708 0.138577 0.235955 0.018727 0.018727 0.026217 0.003745 0.048689 0.011236 0.003745 0.063670 0.003745 0.138577 0.243446 0.011236 
0.002833 0.291785 0.002833 0.144476 0.031161 0.019830 0.019830 0.002833 0.002833 0.070822 0.065156 0.014164 0.087819 0.014164 0.229462 
0.003717 0.211896 0.182156 0.003717 0.003717 0.003717 0.026022 0.003717 0.092937 0.003717 0.011152 0.011152 0.018587 0.159851 0.263941 
0.064677 0.412935 0.014925 0.074627 0.044776 0.004975 0.004975 0.054726 0.004975 0.004975 0.004975 0.014925 0.014925 0.054726 0.223881 
0.104478 0.074627 0.243781 0.223881 0.004975 0.004975 0.004975 0.024876 0.004975 0.024876 0.014925 0.094527 0.004975 0.164179 0.004975 
0.205298 0.046358 0.006623 0.046358 0.046358 0.059603 0.072848 0.046358 0.059603 0.046358 0.006623 0.006623 0.086093 0.059603 0.205298 
0.005464 0.289617 0.092896 0.005464 0.005464 0.005464 0.016393 0.136612 0.005464 0.016393 0.027322 0.125683 0.103825 0.005464 0.158470 
0.071770 0.502392 0.100478 0.014354 0.004785 0.004785 0.004785 0.090909 0.033493 0.043062 0.004785 0.004785 0.110048 0.004785 0.004785 
0.194030 0.303483 0.014925 0.054726 0.084577 0.004975 0.004975 0.174129 0.014925 0.004975 0.084577 0.014925 0.034826 0.004975 0.004975 
0.019920 0.219124 0.019920 0.274900 0.011952 0.003984 0.003984 0.003984 0.107570 0.043825 0.075697 0.091633 0.003984 0.003984 0.115538 
0.004484 0.426009 0.013453 0.031390 0.058296 0.004484 0.022422 0.058296 0.022422 0.067265 0.058296 0.004484 0.147982 0.013453 0.067265 
0.014493 0.323671 0.004831 0.275362 0.024155 0.014493 0.033816 0.043478 0.004831 0.062802 0.033816 0.014493 0.091787 0.033816 0.024155 
0.071130 0.163180 0.129707 0.020921 0.004184 0.012552 0.012552 0.020921 0.004184 0.004184 0.096234 0.062762 0.004184 0.213389 0.179916 
0.004651 0.218605 0.069767 0.004651 0.125581 0.004651 0.032558 0.004651 0.041860 0.004651 0.153488 0.013953 0.079070 0.004651 0.237209 
0.006289 0.408805 0.069182 0.132075 0.056604 0.018868 0.006289 0.031447 0.006289 0.006289 0.044025 0.031447 0.056604 0.119497 0.006289 
0.015707 0.172775 0.057592 0.015707 0.026178 0.005236 0.026178 0.005236 0.005236 0.026178 0.005236 0.057592 0.172775 0.120419 0.287958 
0.005076 0.380711 0.045685 0.116751 0.005076 0.177665 0.126904 0.015228 0.005076 0.005076 0.015228 0.015228 0.005076 0.076142 0.005076 
0.003774 0.003774 0.018868 0.033962 0.011321 0.011321 0.283019 0.049057 0.011321 0.041509 0.086792 0.049057 0.079245 0.003774 0.313208 
0.029289 0.322176 0.004184 0.062762 0.062762 0.079498 0.004184 0.054393 0.071130 0.004184 0.238494 0.004184 0.004184 0.046025 0.012552 
0.016575 0.116022 0.005525 0.027624 0.049724 0.005525 0.038674 0.016575 0.005525 0.016575 0.016575 0.093923 0.127072 0.104972 0.359116 
0.073446 0.355932 0.096045 0.039548 0.005650 0.005650 0.016949 0.005650 0.062147 0.016949 0.005650 0.039548 0.028249 0.005650 0.242938 
0.005848 0.005848 0.076023 0.087719 0.005848 0.017544 0.087719 0.005848 0.181287 0.216374 0.040936 0.005848 0.005848 0.005848 0.251462 
0.019178 0.326027 0.008219 0.347945 0.013699 0.008219 0.008219 0.002740 0.002740 0.052055 0.002740 0.019178 0.057534 0.117808 0.013699 
0.005988 0.005988 0.041916 0.113772 0.017964 0.005988 0.029940 0.065868 0.029940 0.065868 0.029940 0.149701 0.029940 0.005988 0.401198 
0.007092 0.446809 0.177305 0.007092 0.092199 0.007092 0.106383 0.021277 0.021277 0.007092 0.049645 0.021277 0.007092 0.021277 0.007092 
0.017143 0.611429 0.051429 0.005714 0.005714 0.017143 0.005714 0.028571 0.017143 0.005714 0.062857 0.005714 0.097143 0.005714 0.062857 
0.006369 0.388535 0.006369 0.006369 0.031847 0.031847 0.006369 0.133758 0.044586 0.159236 0.006369 0.057325 0.006369 0.006369 0.108280 
0.019920 0.115538 0.003984 0.123506 0.011952 0.019920 0.258964 0.011952 0.003984 0.003984 0.219124 0.003984 0.011952 0.051793 0.139442 
0.005587 0.597765 0.005587 0.195531 0.005587 0.005587 0.016760 0.005587 0.005587 0.005587 0.005587 0.005587 0.094972 0.027933 0.016760 
0.111111 0.164751 0.042146 0.126437 0.057471 0.019157 0.003831 0.019157 0.003831 0.026820 0.042146 0.003831 0.011494 0.019157 0.348659 
0.056856 0.137124 0.230769 0.010033 0.003344 0.003344 0.003344 0.016722 0.023411 0.010033 0.317726 0.003344 0.016722 0.010033 0.157191 
0.004115 0.168724 0.028807 0.111111 0.012346 0.004115 0.028807 0.053498 0.078189 0.037037 0.119342 0.020576 0.020576 0.053498 0.259259 
0.051383 0.256917 0.138340 0.003953 0.011858 0.027668 0.027668 0.003953 0.027668 0.043478 0.011858 0.011858 0.003953 0.146245 0.233202 
0.005291 0.005291 0.291005 0.037037 0.015873 0.005291 0.005291 0.005291 0.121693 0.005291 0.015873 0.005291 0.026455 0.142857 0.312169 
0.027237 0.346304 0.066148 0.003891 0.042802 0.003891 0.058366 0.027237 0.011673 0.089494 0.190661 0.003891 0.003891 0.011673 0.112840 
0.006803 0.034014 0.020408 0.346939 0.006803 0.047619 0.020408 0.006803 0.020408 0.006803 0.061224 0.006803 0.020408 0.006803 0.387755 
0.003636 0.498182 0.156364 0.047273 0.003636 0.032727 0.061818 0.025455 0.010909 0.069091 0.003636 0.025455 0.010909 0.047273 0.003636 
0.019868 0.178808 0.033113 0.006623 0.086093 0.006623 0.006623 0.006623 0.152318 0.033113 0.139073 0.006623 0.178808 0.006623 0.139073 
0.115152 0.115152 0.127273 0.066667 0.030303 0.006061 0.042424 0.078788 0.030303 0.006061 0.054545 0.018182 0.006061 0.006061 0.296970 
0.104072 0.257919 0.004525 0.004525 0.022624 0.004525 0.013575 0.004525 0.122172 0.067873 0.013575 0.004525 0.058824 0.248869 0.067873 
0.054726 0.164179 0.044776 0.094527 0.004975 0.004975 0.004975 0.014925 0.104478 0.044776 0.004975 0.014925 0.014925 0.084577 0.343284 
0.003390 0.050847 0.288136 0.152542 0.023729 0.030508 0.010169 0.016949 0.030508 0.003390 0.138983 0.003390 0.010169 0.010169 0.227119 
0.027933 0.173184 0.240223 0.050279 0.016760 0.016760 0.005587 0.039106 0.005587 0.061453 0.094972 0.016760 0.016760 0.039106 0.195531 
0.014778 0.251232 0.034483 0.004926 0.014778 0.014778 0.093596 0.004926 0.034483 0.231527 0.004926 0.103448 0.014778 0.123153 0.054187 
0.023411 0.204013 0.090301 0.010033 0.010033 0.036789 0.063545 0.143813 0.110368 0.016722 0.137124 0.003344 0.023411 0.070234 0.056856 
0.003891 0.268482 0.011673 0.027237 0.003891 0.003891 0.035019 0.042802 0.011673 0.136187 0.019455 0.003891 0.003891 0.066148 0.361868 
0.004219 0.434599 0.004219 0.021097 0.004219 0.012658 0.004219 0.021097 0.054852 0.004219 0.054852 0.046414 0.021097 0.308017 0.004219 
0.020576 0.144033 0.127572 0.078189 0.053498 0.078189 0.086420 0.012346 0.037037 0.020576 0.028807 0.012346 0.020576 0.234568 0.045267 
0.006289 0.094340 0.144654 0.006289 0.207547 0.031447 0.006289 0.081761 0.006289 0.081761 0.157233 0.031447 0.018868 0.018868 0.106918 
0.109827 0.098266 0.144509 0.005780 0.260116 0.005780 0.075145 0.005780 0.063584 0.017341 0.109827 0.017341 0.017341 0.040462 0.028902 
0.061453 0.318436 0.005587 0.027933 0.217877 0.039106 0.016760 0.005587 0.016760 0.005587 0.061453 0.005587 0.005587 0.027933 0.184358 
0.004367 0.144105 0.196507 0.021834 0.004367 0.082969 0.004367 0.013100 0.004367 0.004367 0.004367 0.065502 0.013100 0.266376 0.170306 
0.026455 0.164021 0.026455 0.005291 0.269841 0.079365 0.005291 0.068783 0.005291 0.015873 0.026455 0.005291 0.015873 0.089947 0.195767 
0.005525 0.049724 0.093923 0.016575 0.005525 0.016575 0.005525 0.038674 0.027624 0.204420 0.060773 0.237569 0.182320 0.049724 0.005525 
0.046980 0.006711 0.221477 0.006711 0.181208 0.194631 0.046980 0.020134 0.006711 0.060403 0.154362 0.006711 0.020134 0.006711 0.020134 
0.121693 0.185185 0.026455 0.068783 0.037037 0.005291 0.248677 0.015873 0.005291 0.079365 0.142857 0.005291 0.005291 0.047619 0.005291 
0.071038 0.169399 0.005464 0.049180 0.016393 0.071038 0.081967 0.016393 0.005464 0.005464 0.027322 0.060109 0.355191 0.049180 0.016393 
0.014085 0.361502 0.248826 0.051643 0.014085 0.061033 0.032864 0.004695 0.061033 0.023474 0.070423 0.004695 0.014085 0.004695 0.032864 
0.005917 0.467456 0.005917 0.005917 0.100592 0.005917 0.029586 0.017751 0.041420 0.041420 0.100592 0.005917 0.053254 0.005917 0.112426 
0.018634 0.291925 0.006211 0.055901 0.329193 0.018634 0.018634 0.006211 0.018634 0.018634 0.006211 0.006211 0.031056 0.080745 0.093168 
0.005236 0.193717 0.298429 0.026178 0.120419 0.015707 0.005236 0.036649 0.015707 0.057592 0.078534 0.109948 0.015707 0.015707 0.005236 
0.098446 0.202073 0.005181 0.005181 0.005181 0.005181 0.036269 0.005181 0.025907 0.005181 0.202073 0.005181 0.367876 0.015544 0.015544 
0.147541 0.049180 0.071038 0.158470 0.005464 0.005464 0.136612 0.005464 0.114754 0.027322 0.038251 0.071038 0.103825 0.005464 0.060109 
0.018182 0.006061 0.018182 0.090909 0.078788 0.066667 0.127273 0.078788 0.103030 0.151515 0.163636 0.042424 0.042424 0.006061 0.006061 
0.046809 0.004255 0.038298 0.106383 0.114894 0.012766 0.012766 0.004255 0.029787 0.004255 0.242553 0.004255 0.004255 0.208511 0.165957 
0.004926 0.172414 0.004926 0.044335 0.004926 0.014778 0.044335 0.004926 0.034483 0.044335 0.034483 0.201970 0.024631 0.172414 0.192118 
0.006135 0.263804 0.018405 0.055215 0.042945 0.079755 0.104294 0.018405 0.006135 0.312883 0.006135 0.006135 0.055215 0.006135 0.018405 
0.124324 0.113514 0.005405 0.048649 0.070270 0.048649 0.016216 0.005405 0.027027 0.113514 0.200000 0.005405 0.037838 0.005405 0.178378 
0.044335 0.221675 0.014778 0.024631 0.044335 0.024631 0.083744 0.004926 0.034483 0.073892 0.270936 0.004926 0.004926 0.073892 0.073892 
0.043478 0.003953 0.225296 0.043478 0.114625 0.059289 0.003953 0.075099 0.035573 0.003953 0.003953 0.051383 0.011858 0.154150 0.169960 
0.004785 0.406699 0.033493 0.004785 0.186603 0.004785 0.071770 0.062201 0.014354 0.004785 0.014354 0.014354 0.004785 0.023923 0.148325 
0.005650 0.084746 0.016949 0.005650 0.028249 0.005650 0.084746 0.096045 0.016949 0.005650 0.141243 0.242938 0.016949 0.152542 0.096045 
0.184000 0.008000 0.008000 0.040000 0.008000 0.040000 0.008000 0.072000 0.216000 0.008000 0.120000 0.008000 0.008000 0.232000 0.040000 
0.037838 0.189189 0.048649 0.048649 0.059459 0.156757 0.016216 0.037838 0.005405 0.091892 0.048649 0.081081 0.005405 0.156757 0.016216 
0.134503 0.029240 0.005848 0.017544 0.099415 0.005848 0.029240 0.005848 0.064327 0.040936 0.017544 0.005848 0.005848 0.251462 0.286550 
0.108571 0.097143 0.028571 0.074286 0.142857 0.005714 0.005714 0.062857 0.017143 0.051429 0.257143 0.005714 0.005714 0.120000 0.017143 
0.006711 0.100671 0.006711 0.100671 0.020134 0.046980 0.127517 0.100671 0.006711 0.020134 0.248322 0.181208 0.020134 0.006711 0.006711 
0.071130 0.012552 0.129707 0.062762 0.062762 0.046025 0.046025 0.037657 0.071130 0.079498 0.255230 0.037657 0.037657 0.004184 0.046025 
0.062857 0.177143 0.005714 0.017143 0.154286 0.108571 0.051429 0.005714 0.142857 0.051429 0.005714 0.051429 0.017143 0.131429 0.017143 
0.093923 0.116022 0.005525 0.104972 0.104972 0.005525 0.093923 0.116022 0.016575 0.116022 0.049724 0.049724 0.060773 0.038674 0.027624 
0.054187 0.044335 0.024631 0.024631 0.064039 0.034483 0.211823 0.103448 0.004926 0.044335 0.024631 0.103448 0.014778 0.024631 0.221675 
0.093923 0.248619 0.005525 0.005525 0.082873 0.005525 0.005525 0.038674 0.049724 0.005525 0.005525 0.116022 0.005525 0.204420 0.127072 
0.008000 0.344000 0.008000 0.040000 0.264000 0.056000 0.008000 0.008000 0.024000 0.168000 0.008000 0.040000 0.008000 0.008000 0.008000 
0.007874 0.007874 0.133858 0.055118 0.322835 0.039370 0.007874 0.007874 0.102362 0.039370 0.007874 0.039370 0.007874 0.007874 0.212598 
0.037433 0.187166 0.005348 0.005348 0.048128 0.005348 0.005348 0.016043 0.005348 0.112299 0.304813 0.165775 0.026738 0.026738 0.048128 
0.092896 0.060109 0.016393 0.016393 0.256831 0.049180 0.038251 0.005464 0.016393 0.016393 0.081967 0.005464 0.114754 0.071038 0.158470 
0.013575 0.375566 0.058824 0.058824 0.095023 0.076923 0.013575 0.004525 0.004525 0.004525 0.013575 0.203620 0.013575 0.040724 0.022624 
0.018868 0.194969 0.006289 0.031447 0.006289 0.031447 0.157233 0.018868 0.207547 0.169811 0.094340 0.006289 0.018868 0.006289 0.031447 
0.140426 0.106383 0.004255 0.021277 0.114894 0.012766 0.089362 0.004255 0.080851 0.114894 0.004255 0.004255 0.106383 0.021277 0.174468 
0.029240 0.403509 0.134503 0.017544 0.005848 0.040936 0.017544 0.029240 0.052632 0.146199 0.005848 0.017544 0.064327 0.005848 0.029240 
0.078261 0.026087 0.113043 0.113043 0.008696 0.008696 0.217391 0.095652 0.113043 0.026087 0.008696 0.078261 0.008696 0.008696 0.095652 
0.039548 0.175141 0.005650 0.118644 0.039548 0.062147 0.129944 0.005650 0.062147 0.005650 0.005650 0.310734 0.005650 0.016949 0.016949 
0.006452 0.251613 0.006452 0.045161 0.109677 0.122581 0.032258 0.109677 0.019355 0.070968 0.006452 0.135484 0.032258 0.045161 0.006452 
0.252033 0.008130 0.056911 0.008130 0.105691 0.024390 0.024390 0.024390 0.138211 0.024390 0.008130 0.219512 0.008130 0.073171 0.024390 
0.008696 0.026087 0.008696 0.008696 0.043478 0.269565 0.165217 0.008696 0.182609 0.026087 0.008696 0.095652 0.113043 0.026087 0.008696 
0.069767 0.054264 0.023256 0.007752 0.333333 0.023256 0.007752 0.007752 0.007752 0.038760 0.023256 0.193798 0.007752 0.162791 0.038760 
0.008403 0.042017 0.008403 0.042017 0.008403 0.226891 0.058824 0.008403 0.008403 0.008403 0.058824 0.445378 0.042017 0.008403 0.025210 
0.065089 0.005917 0.017751 0.017751 0.278107 0.005917 0.005917 0.065089 0.005917 0.112426 0.136095 0.076923 0.005917 0.195266 0.005917 
0.224806 0.038760 0.007752 0.007752 0.007752 0.054264 0.178295 0.007752 0.069767 0.007752 0.054264 0.224806 0.085271 0.023256 0.007752 
0.024000 0.024000 0.120000 0.008000 0.136000 0.008000 0.008000 0.008000 0.088000 0.120000 0.040000 0.376000 0.008000 0.008000 0.024000 
0.025381 0.045685 0.055838 0.126904 0.005076 0.106599 0.116751 0.137056 0.167513 0.015228 0.025381 0.116751 0.005076 0.035533 0.015228 
0.024390 0.008130 0.008130 0.008130 0.056911 0.040650 0.040650 0.073171 0.186992 0.040650 0.089431 0.382114 0.008130 0.008130 0.024390 
0.047120 0.005236 0.099476 0.005236 0.047120 0.015707 0.005236 0.005236 0.120419 0.005236 0.005236 0.267016 0.287958 0.005236 0.078534 
0.029289 0.004184 0.004184 0.163180 0.071130 0.012552 0.029289 0.046025 0.004184 0.154812 0.004184 0.004184 0.054393 0.213389 0.205021 
0.149171 0.027624 0.060773 0.005525 0.149171 0.027624 0.027624 0.049724 0.116022 0.116022 0.038674 0.005525 0.171271 0.038674 0.016575 
0.189873 0.004219 0.012658 0.097046 0.367089 0.012658 0.012658 0.012658 0.012658 0.004219 0.206751 0.004219 0.021097 0.004219 0.037975 
0.115646 0.006803 0.020408 0.047619 0.238095 0.006803 0.047619 0.006803 0.102041 0.006803 0.006803 0.238095 0.088435 0.061224 0.006803 
0.018634 0.018634 0.006211 0.018634 0.391304 0.018634 0.043478 0.093168 0.118012 0.118012 0.006211 0.006211 0.006211 0.006211 0.130435 
0.197452 0.019108 0.159236 0.006369 0.006369 0.006369 0.006369 0.006369 0.044586 0.057325 0.171975 0.248408 0.019108 0.006369 0.044586 
0.132075 0.018868 0.018868 0.094340 0.345912 0.094340 0.081761 0.006289 0.006289 0.006289 0.081761 0.006289 0.018868 0.006289 0.081761 
0.007407 0.081481 0.007407 0.051852 0.274074 0.155556 0.007407 0.007407 0.066667 0.007407 0.081481 0.007407 0.037037 0.066667 0.140741 
0.117241 0.103448 0.006897 0.006897 0.075862 0.089655 0.034483 0.075862 0.006897 0.006897 0.172414 0.075862 0.006897 0.075862 0.144828 
0.007519 0.007519 0.007519 0.067669 0.308271 0.052632 0.007519 0.022556 0.007519 0.248120 0.233083 0.007519 0.007519 0.007519 0.007519 
0.094340 0.081761 0.006289 0.044025 0.031447 0.069182 0.094340 0.056604 0.144654 0.094340 0.006289 0.106918 0.144654 0.018868 0.006289 
0.016575 0.016575 0.027624 0.138122 0.138122 0.016575 0.016575 0.182320 0.116022 0.005525 0.082873 0.060773 0.005525 0.160221 0.016575 
0.058824 0.005348 0.026738 0.016043 0.155080 0.005348 0.165775 0.016043 0.315508 0.122995 0.005348 0.016043 0.037433 0.005348 0.048128 
0.022556 0.082707 0.007519 0.112782 0.052632 0.007519 0.037594 0.007519 0.037594 0.248120 0.127820 0.172932 0.007519 0.007519 0.067669 
0.061947 0.008850 0.026549 0.008850 0.008850 0.008850 0.008850 0.079646 0.061947 0.026549 0.097345 0.486726 0.061947 0.044248 0.008850 
0.031447 0.056604 0.006289 0.182390 0.232704 0.018868 0.132075 0.006289 0.006289 0.144654 0.018868 0.006289 0.006289 0.132075 0.018868 
0.024000 0.008000 0.024000 0.072000 0.360000 0.024000 0.088000 0.008000 0.040000 0.088000 0.024000 0.136000 0.088000 0.008000 0.008000 
0.016575 0.016575 0.005525 0.182320 0.171271 0.016575 0.204420 0.027624 0.093923 0.005525 0.127072 0.038674 0.016575 0.005525 0.071823 
0.046980 0.006711 0.087248 0.006711 0.006711 0.006711 0.006711 0.154362 0.234899 0.221477 0.087248 0.114094 0.006711 0.006711 0.006711 
0.016760 0.005587 0.195531 0.027933 0.162011 0.016760 0.284916 0.061453 0.005587 0.016760 0.027933 0.050279 0.005587 0.072626 0.050279 
0.006993 0.006993 0.020979 0.048951 0.020979 0.020979 0.118881 0.118881 0.118881 0.020979 0.006993 0.258741 0.006993 0.216783 0.006993 
0.006897 0.006897 0.089655 0.006897 0.075862 0.048276 0.062069 0.006897 0.048276 0.034483 0.075862 0.020690 0.048276 0.448276 0.020690 
0.023256 0.007752 0.007752 0.007752 0.162791 0.007752 0.023256 0.131783 0.038760 0.224806 0.007752 0.162791 0.007752 0.178295 0.007752 
0.125683 0.027322 0.005464 0.038251 0.202186 0.060109 0.005464 0.071038 0.005464 0.060109 0.147541 0.202186 0.027322 0.005464 0.016393 
0.068826 0.004049 0.125506 0.117409 0.068826 0.036437 0.004049 0.004049 0.036437 0.157895 0.141700 0.141700 0.036437 0.004049 0.052632 
0.038760 0.038760 0.038760 0.023256 0.023256 0.007752 0.348837 0.007752 0.038760 0.131783 0.023256 0.023256 0.038760 0.007752 0.209302 
0.099526 0.099526 0.004739 0.004739 0.042654 0.004739 0.127962 0.004739 0.004739 0.014218 0.052133 0.033175 0.014218 0.336493 0.156398 
0.005236 0.235602 0.005236 0.005236 0.015707 0.005236 0.109948 0.068063 0.109948 0.005236 0.057592 0.120419 0.026178 0.204188 0.026178 
0.005714 0.028571 0.177143 0.005714 0.005714 0.120000 0.005714 0.005714 0.142857 0.108571 0.005714 0.074286 0.005714 0.005714 0.302857 
0.006061 0.309091 0.078788 0.030303 0.006061 0.042424 0.054545 0.006061 0.030303 0.200000 0.115152 0.006061 0.006061 0.103030 0.006061 
0.004566 0.141553 0.196347 0.004566 0.004566 0.059361 0.013699 0.059361 0.086758 0.095890 0.031963 0.004566 0.031963 0.022831 0.242009 
0.015075 0.386935 0.015075 0.035176 0.075377 0.005025 0.095477 0.005025 0.005025 0.015075 0.025126 0.115578 0.145729 0.045226 0.015075 
0.071038 0.005464 0.234973 0.049180 0.016393 0.027322 0.081967 0.049180 0.005464 0.005464 0.027322 0.071038 0.060109 0.005464 0.289617 
0.005236 0.026178 0.214660 0.005236 0.026178 0.141361 0.005236 0.005236 0.130890 0.005236 0.141361 0.015707 0.005236 0.141361 0.130890 
0.018405 0.251534 0.006135 0.006135 0.226994 0.006135 0.006135 0.006135 0.067485 0.030675 0.018405 0.042945 0.018405 0.165644 0.128834 
0.021583 0.007194 0.050360 0.050360 0.151079 0.007194 0.035971 0.079137 0.194245 0.050360 0.007194 0.107914 0.021583 0.107914 0.107914 
0.308176 0.044025 0.044025 0.056604 0.006289 0.018868 0.081761 0.031447 0.006289 0.006289 0.006289 0.169811 0.006289 0.069182 0.144654 
0.097674 0.172093 0.004651 0.013953 0.190698 0.060465 0.134884 0.013953 0.051163 0.032558 0.032558 0.032558 0.023256 0.088372 0.051163 
0.140741 0.096296 0.007407 0.007407 0.007407 0.022222 0.229630 0.066667 0.274074 0.007407 0.007407 0.022222 0.007407 0.037037 0.066667 
0.155080 0.058824 0.005348 0.133690 0.005348 0.016043 0.016043 0.005348 0.229947 0.026738 0.016043 0.058824 0.144385 0.037433 0.090909 
0.085020 0.125506 0.036437 0.036437 0.020243 0.068826 0.093117 0.012146 0.133603 0.085020 0.117409 0.012146 0.076923 0.093117 0.004049 
0.016043 0.016043 0.005348 0.229947 0.208556 0.005348 0.122995 0.026738 0.026738 0.090909 0.005348 0.016043 0.016043 0.197861 0.016043 
0.007407 0.051852 0.022222 0.125926 0.081481 0.022222 0.274074 0.081481 0.007407 0.170370 0.051852 0.022222 0.007407 0.051852 0.022222 
0.207729 0.004831 0.072464 0.275362 0.062802 0.004831 0.072464 0.004831 0.004831 0.004831 0.024155 0.062802 0.053140 0.062802 0.082126 
0.033557 0.046980 0.020134 0.127517 0.275168 0.006711 0.006711 0.033557 0.033557 0.208054 0.006711 0.073826 0.060403 0.006711 0.060403 
0.024876 0.004975 0.054726 0.014925 0.084577 0.004975 0.034826 0.044776 0.333333 0.014925 0.014925 0.273632 0.004975 0.034826 0.054726 
0.005988 0.029940 0.161677 0.005988 0.197605 0.005988 0.005988 0.149701 0.029940 0.041916 0.005988 0.161677 0.053892 0.125749 0.017964 
0.169231 0.015385 0.005128 0.046154 0.056410 0.015385 0.117949 0.046154 0.035897 0.138462 0.005128 0.261538 0.015385 0.005128 0.066667 
0.005128 0.005128 0.107692 0.035897 0.097436 0.005128 0.005128 0.015385 0.066667 0.087179 0.005128 0.025641 0.179487 0.200000 0.158974 
0.013216 0.022026 0.110132 0.004405 0.057269 0.004405 0.180617 0.004405 0.004405 0.145374 0.154185 0.048458 0.092511 0.004405 0.154185 
0.120567 0.007092 0.007092 0.035461 0.049645 0.007092 0.234043 0.021277 0.177305 0.021277 0.007092 0.177305 0.007092 0.092199 0.035461 
0.035971 0.021583 0.007194 0.007194 0.424460 0.050360 0.223022 0.007194 0.035971 0.007194 0.050360 0.007194 0.050360 0.021583 0.050360 
0.008000 0.008000 0.008000 0.008000 0.232000 0.024000 0.040000 0.024000 0.296000 0.136000 0.008000 0.136000 0.024000 0.040000 0.008000 
0.032258 0.006452 0.070968 0.070968 0.019355 0.006452 0.083871 0.096774 0.006452 0.122581 0.006452 0.406452 0.006452 0.045161 0.019355 
0.049724 0.093923 0.038674 0.049724 0.138122 0.082873 0.082873 0.016575 0.060773 0.060773 0.104972 0.093923 0.005525 0.005525 0.116022 
0.019608 0.006536 0.150327 0.006536 0.111111 0.045752 0.058824 0.058824 0.084967 0.032680 0.176471 0.228758 0.006536 0.006536 0.006536 
0.219251 0.069519 0.058824 0.005348 0.133690 0.069519 0.016043 0.112299 0.048128 0.005348 0.005348 0.026738 0.144385 0.026738 0.058824 
0.008130 0.056911 0.024390 0.040650 0.024390 0.105691 0.252033 0.008130 0.073171 0.040650 0.073171 0.170732 0.073171 0.024390 0.024390 
0.018405 0.153374 0.006135 0.055215 0.239264 0.092025 0.079755 0.006135 0.104294 0.006135 0.067485 0.055215 0.018405 0.079755 0.018405 
0.018182 0.054545 0.054545 0.175758 0.163636 0.006061 0.018182 0.066667 0.163636 0.127273 0.006061 0.090909 0.018182 0.030303 0.006061 
0.017341 0.144509 0.040462 0.017341 0.075145 0.109827 0.005780 0.040462 0.190751 0.179191 0.040462 0.109827 0.005780 0.005780 0.017341 
0.116022 0.226519 0.016575 0.060773 0.071823 0.016575 0.248619 0.049724 0.016575 0.016575 0.005525 0.116022 0.005525 0.005525 0.027624 
0.149701 0.005988 0.029940 0.065868 0.113772 0.125749 0.053892 0.005988 0.005988 0.029940 0.029940 0.161677 0.005988 0.185629 0.029940 
0.189542 0.045752 0.006536 0.006536 0.163399 0.006536 0.006536 0.032680 0.006536 0.176471 0.006536 0.084967 0.006536 0.228758 0.032680 
0.067485 0.018405 0.006135 0.190184 0.116564 0.018405 0.116564 0.006135 0.006135 0.042945 0.018405 0.263804 0.042945 0.079755 0.006135 
0.006711 0.033557 0.006711 0.006711 0.020134 0.006711 0.302013 0.033557 0.006711 0.087248 0.033557 0.328859 0.033557 0.046980 0.046980 
0.229630 0.007407 0.007407 0.051852 0.125926 0.007407 0.022222 0.022222 0.022222 0.200000 0.007407 0.066667 0.037037 0.155556 0.037037 
0.016949 0.005650 0.028249 0.096045 0.005650 0.039548 0.209040 0.005650 0.016949 0.039548 0.039548 0.209040 0.175141 0.050847 0.062147 
0.121019 0.006369 0.019108 0.006369 0.019108 0.095541 0.031847 0.031847 0.159236 0.006369 0.146497 0.324841 0.006369 0.019108 0.006369 
0.016949 0.028249 0.016949 0.084746 0.039548 0.016949 0.186441 0.073446 0.062147 0.062147 0.005650 0.299435 0.016949 0.028249 0.062147 
0.019608 0.058824 0.202614 0.019608 0.228758 0.006536 0.032680 0.058824 0.084967 0.058824 0.006536 0.006536 0.006536 0.202614 0.006536 
0.046358 0.006623 0.006623 0.019868 0.033113 0.006623 0.099338 0.086093 0.139073 0.099338 0.006623 0.284768 0.099338 0.006623 0.059603 
0.044025 0.006289 0.018868 0.144654 0.119497 0.006289 0.031447 0.018868 0.006289 0.044025 0.006289 0.345912 0.006289 0.194969 0.006289 
0.005525 0.016575 0.093923 0.082873 0.005525 0.060773 0.005525 0.005525 0.049724 0.016575 0.005525 0.248619 0.071823 0.314917 0.016575 
0.191489 0.055319 0.021277 0.242553 0.046809 0.063830 0.055319 0.072340 0.063830 0.004255 0.004255 0.055319 0.004255 0.072340 0.046809 
0.122302 0.007194 0.021583 0.064748 0.050360 0.007194 0.050360 0.007194 0.007194 0.064748 0.007194 0.165468 0.007194 0.395683 0.021583 
0.082707 0.007519 0.037594 0.007519 0.067669 0.007519 0.203008 0.022556 0.007519 0.007519 0.022556 0.203008 0.007519 0.308271 0.007519 
0.063830 0.063830 0.021277 0.007092 0.517730 0.007092 0.007092 0.007092 0.049645 0.007092 0.049645 0.007092 0.177305 0.007092 0.007092 
0.035176 0.005025 0.055276 0.015075 0.115578 0.005025 0.005025 0.005025 0.005025 0.085427 0.035176 0.165829 0.135678 0.115578 0.216080 
0.031447 0.081761 0.006289 0.018868 0.006289 0.006289 0.119497 0.006289 0.169811 0.144654 0.056604 0.031447 0.044025 0.270440 0.006289 
0.202614 0.071895 0.058824 0.006536 0.071895 0.058824 0.111111 0.006536 0.032680 0.006536 0.045752 0.084967 0.045752 0.163399 0.032680 
0.016043 0.016043 0.069519 0.048128 0.048128 0.005348 0.026738 0.069519 0.058824 0.026738 0.069519 0.294118 0.005348 0.240642 0.005348 
0.100592 0.017751 0.147929 0.017751 0.313609 0.005917 0.041420 0.029586 0.029586 0.017751 0.005917 0.183432 0.005917 0.005917 0.076923 
0.106145 0.128492 0.039106 0.195531 0.128492 0.061453 0.005587 0.016760 0.027933 0.016760 0.083799 0.139665 0.005587 0.005587 0.039106 
0.161290 0.004608 0.179724 0.216590 0.023041 0.013825 0.059908 0.004608 0.041475 0.023041 0.013825 0.096774 0.069124 0.004608 0.087558 
0.006711 0.006711 0.006711 0.154362 0.060403 0.046980 0.140940 0.006711 0.046980 0.020134 0.046980 0.073826 0.087248 0.288591 0.006711 
0.117241 0.020690 0.020690 0.006897 0.006897 0.020690 0.048276 0.006897 0.006897 0.006897 0.006897 0.558621 0.006897 0.117241 0.048276 
0.027933 0.016760 0.005587 0.016760 0.441341 0.005587 0.284916 0.005587 0.016760 0.027933 0.050279 0.005587 0.027933 0.061453 0.005587 
0.124378 0.004975 0.004975 0.094527 0.024876 0.004975 0.094527 0.034826 0.104478 0.094527 0.054726 0.164179 0.004975 0.124378 0.064677 
0.115152 0.103030 0.127273 0.115152 0.200000 0.115152 0.030303 0.006061 0.006061 0.006061 0.018182 0.018182 0.127273 0.006061 0.006061 
0.031056 0.006211 0.068323 0.055901 0.217391 0.006211 0.080745 0.031056 0.006211 0.055901 0.055901 0.167702 0.018634 0.192547 0.006211 
0.079137 0.251799 0.107914 0.007194 0.079137 0.093525 0.093525 0.021583 0.007194 0.050360 0.021583 0.035971 0.007194 0.136691 0.007194 
0.007634 0.038168 0.007634 0.007634 0.007634 0.007634 0.022901 0.007634 0.007634 0.236641 0.038168 0.221374 0.160305 0.190840 0.038168 
0.251799 0.035971 0.035971 0.007194 0.151079 0.007194 0.007194 0.007194 0.021583 0.035971 0.007194 0.050360 0.021583 0.151079 0.208633 
0.004405 0.048458 0.004405 0.145374 0.039648 0.118943 0.004405 0.039648 0.004405 0.004405 0.039648 0.162996 0.004405 0.004405 0.374449 
0.006135 0.006135 0.325153 0.128834 0.030675 0.006135 0.006135 0.055215 0.263804 0.006135 0.018405 0.092025 0.030675 0.018405 0.006135 
0.061224 0.088435 0.034014 0.006803 0.074830 0.006803 0.170068 0.006803 0.006803 0.006803 0.006803 0.102041 0.197279 0.156463 0.074830 
0.124260 0.100592 0.017751 0.005917 0.017751 0.005917 0.029586 0.005917 0.005917 0.005917 0.100592 0.230769 0.112426 0.230769 0.005917 
0.285024 0.024155 0.033816 0.014493 0.024155 0.024155 0.024155 0.004831 0.198068 0.004831 0.033816 0.033816 0.004831 0.285024 0.004831 
0.083799 0.005587 0.005587 0.195531 0.162011 0.005587 0.061453 0.039106 0.117318 0.027933 0.016760 0.072626 0.027933 0.173184 0.005587 
0.251462 0.122807 0.005848 0.076023 0.064327 0.005848 0.052632 0.005848 0.181287 0.017544 0.005848 0.087719 0.005848 0.087719 0.029240 
0.058065 0.006452 0.006452 0.006452 0.006452 0.032258 0.070968 0.070968 0.058065 0.070968 0.019355 0.225806 0.058065 0.083871 0.225806 
0.155779 0.165829 0.075377 0.035176 0.155779 0.015075 0.035176 0.065327 0.105528 0.015075 0.015075 0.085427 0.005025 0.055276 0.015075 
0.066667 0.173333 0.004444 0.111111 0.040000 0.004444 0.048889 0.004444 0.022222 0.013333 0.004444 0.084444 0.031111 0.351111 0.040000 
0.017341 0.063584 0.052023 0.075145 0.028902 0.005780 0.156069 0.005780 0.005780 0.132948 0.017341 0.005780 0.017341 0.341040 0.075145 
0.016575 0.016575 0.005525 0.104972 0.281768 0.038674 0.005525 0.005525 0.038674 0.049724 0.027624 0.149171 0.005525 0.226519 0.027624 
0.007407 0.022222 0.037037 0.111111 0.200000 0.007407 0.111111 0.037037 0.155556 0.007407 0.037037 0.007407 0.214815 0.037037 0.007407 
0.128889 0.004444 0.111111 0.004444 0.066667 0.146667 0.191111 0.022222 0.013333 0.004444 0.004444 0.066667 0.004444 0.200000 0.031111 
0.005181 0.015544 0.015544 0.025907 0.139896 0.015544 0.088083 0.119171 0.005181 0.005181 0.181347 0.212435 0.015544 0.150259 0.005181 
0.006711 0.020134 0.006711 0.006711 0.046980 0.006711 0.033557 0.006711 0.449664 0.248322 0.006711 0.060403 0.020134 0.020134 0.060403 
0.005525 0.005525 0.027624 0.116022 0.204420 0.049724 0.281768 0.060773 0.016575 0.049724 0.005525 0.138122 0.005525 0.027624 0.005525 
0.054545 0.006061 0.006061 0.078788 0.212121 0.066667 0.078788 0.066667 0.018182 0.030303 0.018182 0.212121 0.139394 0.006061 0.006061 
0.018182 0.006061 0.151515 0.006061 0.272727 0.006061 0.018182 0.127273 0.006061 0.006061 0.066667 0.054545 0.006061 0.066667 0.187879 
0.045161 0.006452 0.032258 0.045161 0.006452 0.006452 0.264516 0.058065 0.070968 0.045161 0.045161 0.122581 0.032258 0.212903 0.006452 
0.013333 0.048889 0.066667 0.057778 0.048889 0.004444 0.013333 0.013333 0.004444 0.004444 0.208889 0.413333 0.084444 0.004444 0.013333 
0.058824 0.019608 0.006536 0.006536 0.124183 0.228758 0.006536 0.006536 0.006536 0.124183 0.006536 0.176471 0.019608 0.202614 0.006536 
0.007874 0.039370 0.086614 0.007874 0.007874 0.055118 0.007874 0.007874 0.023622 0.055118 0.055118 0.464567 0.007874 0.133858 0.039370 
0.040000 0.072000 0.120000 0.040000 0.360000 0.008000 0.024000 0.008000 0.024000 0.072000 0.008000 0.040000 0.008000 0.008000 0.168000 
0.005291 0.174603 0.100529 0.005291 0.238095 0.026455 0.047619 0.005291 0.089947 0.047619 0.047619 0.058201 0.015873 0.037037 0.100529 
0.076142 0.005076 0.005076 0.005076 0.208122 0.065990 0.116751 0.045685 0.005076 0.055838 0.015228 0.055838 0.045685 0.279188 0.015228 
0.007519 0.037594 0.007519 0.007519 0.263158 0.142857 0.067669 0.052632 0.127820 0.037594 0.007519 0.067669 0.007519 0.157895 0.007519 
0.191837 0.012245 0.085714 0.044898 0.028571 0.004082 0.020408 0.004082 0.028571 0.004082 0.036735 0.036735 0.004082 0.363265 0.134694 
0.159236 0.019108 0.019108 0.019108 0.019108 0.082803 0.070064 0.006369 0.057325 0.146497 0.006369 0.171975 0.019108 0.159236 0.044586 
0.043825 0.035857 0.290837 0.027888 0.003984 0.091633 0.115538 0.027888 0.027888 0.027888 0.027888 0.043825 0.195219 0.003984 0.035857 
0.006211 0.031056 0.142857 0.006211 0.378882 0.031056 0.006211 0.043478 0.006211 0.006211 0.018634 0.242236 0.018634 0.055901 0.006211 
0.004367 0.004367 0.030568 0.135371 0.021834 0.021834 0.056769 0.082969 0.056769 0.004367 0.030568 0.144105 0.144105 0.004367 0.257642 
0.088000 0.008000 0.104000 0.008000 0.040000 0.024000 0.008000 0.056000 0.296000 0.040000 0.040000 0.248000 0.024000 0.008000 0.008000 
0.072626 0.039106 0.195531 0.005587 0.005587 0.005587 0.005587 0.005587 0.005587 0.005587 0.184358 0.150838 0.016760 0.117318 0.184358 
0.025381 0.005076 0.370558 0.015228 0.076142 0.005076 0.025381 0.065990 0.005076 0.005076 0.005076 0.197970 0.076142 0.015228 0.106599 
0.200000 0.005405 0.178378 0.005405 0.113514 0.113514 0.005405 0.005405 0.016216 0.005405 0.091892 0.059459 0.156757 0.037838 0.005405 
0.072340 0.004255 0.029787 0.012766 0.038298 0.182979 0.072340 0.012766 0.038298 0.029787 0.140426 0.063830 0.046809 0.242553 0.012766 
0.041916 0.005988 0.209581 0.041916 0.041916 0.005988 0.017964 0.005988 0.269461 0.005988 0.041916 0.113772 0.137725 0.005988 0.053892 
0.008696 0.165217 0.043478 0.008696 0.252174 0.008696 0.026087 0.008696 0.217391 0.078261 0.008696 0.008696 0.026087 0.130435 0.008696 
0.101449 0.207729 0.014493 0.062802 0.024155 0.004831 0.130435 0.014493 0.004831 0.149758 0.072464 0.062802 0.004831 0.140097 0.004831 
0.094972 0.094972 0.027933 0.039106 0.005587 0.005587 0.039106 0.005587 0.005587 0.206704 0.027933 0.251397 0.005587 0.117318 0.072626 
0.055838 0.045685 0.086294 0.045685 0.106599 0.015228 0.035533 0.005076 0.025381 0.035533 0.106599 0.147208 0.035533 0.045685 0.208122 
0.301587 0.047619 0.058201 0.005291 0.015873 0.026455 0.015873 0.015873 0.005291 0.015873 0.185185 0.089947 0.142857 0.026455 0.047619 
0.306358 0.109827 0.005780 0.005780 0.075145 0.040462 0.005780 0.028902 0.005780 0.017341 0.052023 0.190751 0.144509 0.005780 0.005780 
0.193717 0.193717 0.026178 0.015707 0.078534 0.078534 0.026178 0.005236 0.099476 0.026178 0.015707 0.089005 0.005236 0.141361 0.005236 
0.261745 0.006711 0.006711 0.194631 0.020134 0.006711 0.006711 0.046980 0.140940 0.100671 0.020134 0.114094 0.006711 0.060403 0.006711 
0.025381 0.065990 0.005076 0.177665 0.370558 0.005076 0.055838 0.025381 0.005076 0.065990 0.005076 0.157360 0.005076 0.025381 0.005076 
0.028571 0.017143 0.154286 0.005714 0.154286 0.074286 0.017143 0.154286 0.005714 0.177143 0.108571 0.074286 0.005714 0.017143 0.005714 
0.016216 0.135135 0.005405 0.027027 0.081081 0.048649 0.005405 0.005405 0.102703 0.167568 0.005405 0.027027 0.027027 0.048649 0.297297 
0.006061 0.006061 0.030303 0.090909 0.018182 0.006061 0.006061 0.066667 0.006061 0.066667 0.090909 0.236364 0.200000 0.115152 0.054545 
0.037037 0.132275 0.005291 0.026455 0.058201 0.047619 0.005291 0.058201 0.026455 0.047619 0.005291 0.164021 0.079365 0.291005 0.015873 
0.005848 0.064327 0.087719 0.005848 0.134503 0.005848 0.052632 0.076023 0.146199 0.040936 0.040936 0.005848 0.017544 0.017544 0.298246 
0.120773 0.169082 0.178744 0.178744 0.101449 0.004831 0.033816 0.004831 0.004831 0.024155 0.014493 0.024155 0.033816 0.101449 0.004831 
0.020408 0.006803 0.061224 0.074830 0.333333 0.006803 0.034014 0.006803 0.074830 0.061224 0.006803 0.170068 0.047619 0.047619 0.047619 
0.252174 0.130435 0.008696 0.060870 0.008696 0.026087 0.008696 0.008696 0.026087 0.060870 0.026087 0.252174 0.043478 0.008696 0.078261 
0.074380 0.041322 0.041322 0.041322 0.157025 0.008264 0.008264 0.008264 0.090909 0.024793 0.074380 0.157025 0.024793 0.123967 0.123967 
0.206030 0.105528 0.135678 0.075377 0.135678 0.035176 0.015075 0.025126 0.005025 0.075377 0.005025 0.005025 0.005025 0.025126 0.145729 
0.006061 0.006061 0.054545 0.054545 0.006061 0.127273 0.090909 0.006061 0.066667 0.066667 0.066667 0.175758 0.006061 0.200000 0.066667 
